dat4805001.cnv
* Sea-Bird SBE 9 Data File:
* FileName = C:\data\ctd\at4805001.hdr
* Software Version Seasave V 7.26.7.121
* Temperature SN = 6493
* Conductivity SN = 5044
* Number of Bytes Per Scan = 40
* Number of Voltage Words = 5
* Number of Scans Averaged by the Deck Unit = 1
* NMEA Latitude = 47 32.75 N
* NMEA Longitude = 052 35.33 W
* NMEA UTC (Time) = May 04 2022  12:09:17
** Ship: ATLANTIS
** Cruise: AT4805
** Chief_Scientist: MARC RINGUETTE
** Organization: DFO BIO
** Area_of_Operation: LABRADOR SEA
** Cruise_Description: ATLANTIC ZONE OFF-SHELF MONITORING PROGRAM (AZOMP)
** Station: 001
** Operator: JJ
# nquan = 31
# nvalues = 332                         
# units = specified
# name 0 = scan: Scan Count
# name 1 = timeS: Time, Elapsed [seconds]
# name 2 = prDM: Pressure, Digiquartz [db]
# name 3 = t090C: Temperature [ITS-90, deg C]
# name 4 = c0S/m: Conductivity [S/m]
# name 5 = t190C: Temperature, 2 [ITS-90, deg C]
# name 6 = c1S/m: Conductivity, 2 [S/m]
# name 7 = sbeox0V: Oxygen raw, SBE 43 [V]
# name 8 = ph: pH
# name 9 = sbeox1V: Oxygen raw, SBE 43, 2 [V]
# name 10 = flECO-AFL: Fluorescence, WET Labs ECO-AFL/FL [mg/m^3]
# name 11 = altM: Altimeter [m]
# name 12 = CStarAt0: Beam Attenuation, WET Labs C-Star [1/m]
# name 13 = CStarTr0: Beam Transmission, WET Labs C-Star [%]
# name 14 = par/sat/log: PAR/Logarithmic, Satlantic
# name 15 = wetCDOM: Fluorescence, WET Labs CDOM [mg/m^3]
# name 16 = spar: SPAR, Biospherical/Licor
# name 17 = latitude: Latitude [deg]
# name 18 = longitude: Longitude [deg]
# name 19 = dz/dtM: Descent Rate [m/s]
# name 20 = depSM: Depth [salt water, m]
# name 21 = sal00: Salinity, Practical [PSU]
# name 22 = sal11: Salinity, Practical, 2 [PSU]
# name 23 = potemp090C: Potential Temperature [ITS-90, deg C]
# name 24 = potemp190C: Potential Temperature, 2 [ITS-90, deg C]
# name 25 = sigma-é00: Density [sigma-theta, kg/m^3]
# name 26 = sigma-é11: Density, 2 [sigma-theta, kg/m^3]
# name 27 = sbeox0ML/L: Oxygen, SBE 43 [ml/l], WS = 2
# name 28 = sbeox1ML/L: Oxygen, SBE 43, 2 [ml/l], WS = 2
# name 29 = nbin: number of scans per bin
# name 30 = flag: flag
# span 0 =       7102,      20897       
# span 1 =    295.858,    870.683       
# span 2 =      2.500,    168.000       
# span 3 =    -1.0196,     2.0596       
# span 4 =   2.641738,   2.855480       
# span 5 =    -1.0200,     2.0596       
# span 6 =   2.641864,   2.855666       
# span 7 =     2.0164,     2.6251       
# span 8 =      8.376,      8.652       
# span 9 =     1.9189,     2.4640       
# span 10 =     0.1119,     5.7531      
# span 11 =       7.97,     100.08      
# span 12 =     0.0465,     0.4125      
# span 13 =    90.2020,    98.8448      
# span 14 = 1.0719e-01, 3.0971e+02      
# span 15 =    -0.3713,     1.8712      
# span 16 = 1.0853e-03, 2.4446e-03      
# span 17 =   47.54575,   47.54579      
# span 18 =  -52.58990,  -52.58962      
# span 19 =     -0.068,      0.927      
# span 20 =      2.469,    166.535      
# span 21 =    32.1528,    33.1657      
# span 22 =    32.1559,    33.1671      
# span 23 =    -1.0218,     2.0595      
# span 24 =    -1.0222,     2.0595      
# span 25 =    25.6901,    26.6005      
# span 26 =    25.6919,    26.6016      
# span 27 =     6.7589,     9.3162      
# span 28 =     6.7754,     9.1782      
# span 29 =         13,         85      
# span 30 = 0.0000e+00, 0.0000e+00      
# interval = decibars: 0.5              
# start_time = May 04 2022 12:09:17 [NMEA time, header]
# bad_flag = -9.990e-29
*END*
[from data line 281]
      16844    701.803    143.000    -0.2303   2.735695    -0.2305   2.735764     2.1555      8.422     2.0454     0.1850      33.19     0.0695    98.2769 1.0833e-01     0.7179 1.9723e-03   47.54576  -52.58986      0.499    141.758    32.9382    32.9393    -0.2348    -0.2350    26.4526    26.4536     7.5685     7.5446         28 0.0000e+00
      16877    703.158    143.500    -0.2193   2.736833    -0.2174   2.737095     2.1548      8.421     2.0442     0.1930      32.67     0.0695    98.2769 1.0833e-01     0.3400 1.9476e-03   47.54576  -52.58986      0.354    142.254    32.9412    32.9425    -0.2238    -0.2219    26.4546    26.4556     7.5732     7.5453         37 0.0000e+00
      16921    704.987    144.000    -0.2129   2.737521    -0.2053   2.738387     2.1542      8.421     2.0435     0.2289      32.10     0.0695    98.2764 1.0833e-01     0.1598 1.8576e-03   47.54576  -52.58986      0.259    142.749    32.9430    32.9463    -0.2174    -0.2098    26.4558    26.4581     7.5700     7.5464         50 0.0000e+00
      16972    707.111    144.500    -0.2043   2.738391    -0.1977   2.739175     2.1517      8.421     2.0429     0.2495      31.63     0.0695    98.2769 1.0833e-01     0.1206 2.0246e-03   47.54577  -52.58986      0.237    143.242    32.9450    32.9482    -0.2089    -0.2023    26.4570    26.4593     7.5113     7.5341         46 0.0000e+00
      17012    708.792    145.000    -0.1613   2.742666    -0.1606   2.742530     2.1477      8.421     2.0413     0.1553      31.11     0.0695    98.2769 1.0833e-01     0.1222 1.9411e-03   47.54576  -52.58986      0.310    143.738    32.9549    32.9524    -0.1659    -0.1652    26.4631    26.4610     7.4640     7.5007         39 0.0000e+00
      17053    710.486    145.500    -0.0939   2.749226    -0.0878   2.749657     2.1405      8.420     2.0369     0.1813      30.62     0.0695    98.2769 1.0833e-01     0.2401 2.0937e-03   47.54576  -52.58986      0.290    144.235    32.9686    32.9678    -0.0986    -0.0926    26.4711    26.4701     7.3488     7.4198         42 0.0000e+00
      17091    712.096    146.000    -0.0028   2.758283    -0.0018   2.757884     2.1296      8.416     2.0293     0.2070      30.10     0.0695    98.2769 1.0833e-01     0.3699 1.8822e-03   47.54578  -52.58986      0.320    144.728    32.9896    32.9833    -0.0076    -0.0067    26.4838    26.4786     7.2202     7.3236         35 0.0000e+00
      17123    713.423    146.500     0.0982   2.768441     0.0994   2.768128     2.1187      8.414     2.0210     0.2174      29.61     0.0696    98.2742 1.0833e-01     0.2919 2.4446e-03   47.54577  -52.58986      0.386    145.225    33.0144    33.0089     0.0931     0.0944    26.4989    26.4944     7.1755     7.2620         29 0.0000e+00
      17151    714.591    147.000     0.1492   2.773815     0.1545   2.774040     2.1122      8.410     2.0152     0.2222      29.13     0.0696    98.2750 1.0834e-01     0.5030 1.8382e-03   47.54576  -52.58985      0.434    145.721    33.0297    33.0270     0.1441     0.1494    26.5087    26.5063     7.2020     7.2425         28 0.0000e+00
      17182    715.874    147.500     0.1701   2.776094     0.1738   2.776313     2.1089      8.407     2.0100     0.1935      28.58     0.0695    98.2768 1.0838e-01     0.9775 1.8779e-03   47.54576  -52.58984      0.382    146.218    33.0364    33.0358     0.1654     0.1686    26.5131    26.5124     7.2302     7.2350         37 0.0000e+00
      17250    718.709    148.000     0.1542   2.774294     0.1650   2.775479     2.1055      8.407     2.0038     0.1887      28.01     0.0695    98.2769 1.0837e-01     1.0209 2.0618e-03   47.54576  -52.58984      0.133    146.712    33.0301    33.0340     0.1490     0.1598    26.5088    26.5114     7.2524     7.2439         68 0.0000e+00
      17299    720.769    148.500     0.1777   2.776774     0.1731   2.776316     2.1015      8.408     2.0009     0.1572      27.59     0.0695    98.2760 1.0838e-01     0.9053 2.0348e-03   47.54577  -52.58984      0.343    147.204    33.0371    33.0360     0.1725     0.1679    26.5133    26.5126     7.1050     7.1968         30 0.0000e+00
      17326    721.891    149.000     0.1963   2.778779     0.1976   2.778704     2.0912      8.405     1.9954     0.1576      27.10     0.0695    98.2769 1.0846e-01     1.0366 1.9029e-03   47.54576  -52.58984      0.449    147.702    33.0430    33.0406     0.1911     0.1924    26.5171    26.5151     6.9663     7.0982         25 0.0000e+00
      17351    722.897    149.500     0.2574   2.785210     0.2539   2.784088     2.0826      8.404     1.9871     0.1812      26.59     0.0695    98.2758 1.0856e-01     1.1500 1.8315e-03   47.54576  -52.58984      0.497    148.196    33.0613    33.0503     0.2521     0.2486    26.5287    26.5201     6.9372     7.0079         24 0.0000e+00
      17374    723.856    150.000     0.3388   2.793727     0.3388   2.792958     2.0743      8.401     1.9790     0.1894      26.07     0.0696    98.2747 1.0854e-01     1.2305 2.0657e-03   47.54576  -52.58984      0.523    148.695    33.0848    33.0749     0.3334     0.3333    26.5435    26.5355     6.9213     6.9862         23 0.0000e+00
      17420    725.798    150.500     0.3526   2.796281     0.3876   2.798735     2.0675      8.396     1.9735     0.2288      25.51     0.0749    98.1454 1.0858e-01     1.0837 2.0214e-03   47.54576  -52.58984      0.357    149.192    33.1031    33.0974     0.3471     0.3821    26.5575    26.5511     6.9844     7.0230         46 0.0000e+00
      17551    731.231    151.000     0.3966   2.800456     0.3732   2.796596     2.0542      8.397     1.9630     0.2456      25.06     0.0752    98.1384 1.0865e-01    -0.1248 2.1547e-03   47.54577  -52.58984      0.325    149.685    33.1100    33.0848     0.3910     0.3676    26.5607    26.5417     6.8807     6.8874         34 0.0000e+00
      17598    733.207    151.500     0.4240   2.803341     0.4619   2.807381     2.0449      8.389     1.9507     0.1683      24.49     0.0975    97.5929 1.0867e-01    -0.1244 2.0306e-03   47.54576  -52.58984      0.218    150.180    33.1184    33.1298     0.4184     0.4562    26.5660    26.5732     6.8155     6.8472         69 0.0000e+00
      17668    736.118    152.000     0.4664   2.808173     0.4651   2.808038     2.0294      8.389     1.9369     0.2276      24.05     0.1259    96.9018 1.0868e-01    -0.1244 2.1751e-03   47.54577  -52.58984      0.217    150.674    33.1350    33.1345     0.4606     0.4594    26.5771    26.5768     6.7589     6.8068         44 0.0000e+00
      17705    737.657    152.500     0.4842   2.810157     0.4844   2.810232     2.0257      8.382     1.9311     0.2188      23.53     0.1306    96.7880 1.0869e-01    -0.1244 2.0237e-03   47.54578  -52.58984      0.309    151.172    33.1415    33.1422     0.4784     0.4788    26.5814    26.5820     6.8056     6.7865         43 0.0000e+00
      17842    743.369    153.000     0.4821   2.809854     0.4679   2.807800     2.0232      8.382     1.9293     0.1723      23.04     0.1400    96.5615 1.0866e-01     1.2216 2.1090e-03   47.54577  -52.58982      0.204    151.665    33.1395    33.1280     0.4763     0.4621    26.5799    26.5714     6.8144     6.8170         46 0.0000e+00
      17896    745.625    153.500     0.4891   2.810690     0.4858   2.810319     2.0205      8.380     1.9273     0.2220      22.59     0.1608    96.0605 1.0867e-01     1.3140 2.2664e-03   47.54576  -52.58982      0.422    152.162    33.1426    33.1413     0.4833     0.4800    26.5820    26.5811     6.7724     6.7868         28 0.0000e+00
      17928    746.951    154.000     0.4895   2.810790     0.4892   2.810852     2.0188      8.378     1.9244     0.2453      22.05     0.1584    96.1176 1.0868e-01    -0.1071 2.1281e-03   47.54576  -52.58982      0.369    152.660    33.1432    33.1443     0.4837     0.4834    26.5825    26.5834     6.7962     6.7792         38 0.0000e+00
      18003    750.095    154.500     0.4881   2.810644     0.4769   2.809497     2.0187      8.377     1.9218     0.2444      21.50     0.1767    95.6791 1.0867e-01     0.3580 2.1035e-03   47.54576  -52.58982      0.162    153.153    33.1424    33.1391     0.4822     0.4711    26.5819    26.5799     6.8154     6.7963         72 0.0000e+00
      18109    754.485    155.000     0.4921   2.811191     0.4868   2.810581     2.0179      8.378     1.9199     0.2864      21.03     0.1809    95.5781 1.0869e-01    -0.2039 2.1528e-03   47.54576  -52.58982      0.248    153.647    33.1450    33.1430     0.4862     0.4809    26.5838    26.5825     6.7950     6.7754         42 0.0000e+00
      18149    756.149    155.500     0.4965   2.811994     0.4963   2.812085     2.0173      8.376     1.9189     0.2515      20.52     0.1778    95.6522 1.0869e-01    -0.0268 2.1034e-03   47.54576  -52.58982      0.275    154.146    33.1504    33.1519     0.4906     0.4904    26.5879    26.5891     6.7974     6.7860         50 0.0000e+00
      18239    759.933    156.000     0.4948   2.811933     0.4943   2.811961     2.0164      8.376     1.9190     0.2221      19.96     0.1915    95.3262 1.0870e-01     1.2279 1.9445e-03   47.54576  -52.58981      0.107    154.637    33.1511    33.1520     0.4889     0.4884    26.5886    26.5893     6.8155     6.7923         80 0.0000e+00
      18304    762.629    156.500     0.4952   2.812237     0.4951   2.812343     2.0190      8.377     1.9190     0.2250      19.50     0.1914    95.3268 1.0870e-01     0.8412 2.0473e-03   47.54576  -52.58980      0.256    155.134    33.1543    33.1559     0.4893     0.4892    26.5911    26.5924     6.8328     6.7920         43 0.0000e+00
      18343    764.249    157.000     0.4944   2.812235     0.4941   2.812349     2.0196      8.379     1.9196     0.2039      18.99     0.1990    95.1458 1.0868e-01    -0.0858 1.9724e-03   47.54576  -52.58980      0.310    155.630    33.1549    33.1567     0.4884     0.4881    26.5917    26.5931     6.8310     6.8022         39 0.0000e+00
      18404    766.805    157.500     0.4924   2.812196     0.4919   2.812224     2.0207      8.379     1.9205     0.1906      18.50     0.2054    94.9945 1.0869e-01    -0.1635 2.0416e-03   47.54576  -52.58980      0.258    156.125    33.1563    33.1572     0.4864     0.4859    26.5929    26.5936     6.8360     6.8064         52 0.0000e+00
      18536    772.276    158.000     0.4913   2.812237     0.4915   2.812258     2.0196      8.379     1.9215     0.1968      18.12     0.2052    94.9993 1.0867e-01     0.2852 2.2994e-03   47.54576  -52.58980      0.403    156.620    33.1577    33.1578     0.4853     0.4855    26.5940    26.5941     6.8428     6.8139         26 0.0000e+00
      18563    773.434    158.500     0.4903   2.812303     0.4902   2.812408     2.0211      8.379     1.9219     0.1678      17.58     0.2080    94.9318 1.0864e-01     0.1953 2.3970e-03   47.54576  -52.58980      0.443    157.119    33.1594    33.1608     0.4843     0.4845    26.5955    26.5966     6.8626     6.8158         31 0.0000e+00
      18628    776.105    159.000     0.4902   2.812350     0.4902   2.812527     2.0227      8.381     1.9232     0.2102      16.97     0.2191    94.6704 1.0864e-01     0.4041 2.2041e-03   47.54576  -52.58980      0.160    157.613    33.1598    33.1621     0.4842     0.4842    26.5958    26.5976     6.8439     6.8203         85 0.0000e+00
      18708    779.452    159.500     0.4907   2.812536     0.4907   2.812685     2.0235      8.381     1.9238     0.2070      16.50     0.2203    94.6415 1.0864e-01     0.7812 2.1007e-03   47.54576  -52.58979      0.188    158.107    33.1614    33.1634     0.4846     0.4846    26.5971    26.5987     6.8447     6.8176         61 0.0000e+00
      18796    783.125    160.000     0.4909   2.812644     0.4906   2.812708     2.0247      8.382     1.9234     0.2516      15.96     0.2321    94.3631 1.0862e-01     0.8950 2.1333e-03   47.54576  -52.58978      0.118    158.602    33.1623    33.1635     0.4848     0.4845    26.5978    26.5988     6.8558     6.8122         79 0.0000e+00
      18884    786.802    160.500     0.4916   2.812797     0.4913   2.812862     2.0256      8.383     1.9231     0.2095      15.54     0.2436    94.0921 1.0858e-01    -0.1269 2.1891e-03   47.54576  -52.58978      0.241    159.097    33.1632    33.1644     0.4855     0.4852    26.5985    26.5995     6.8614     6.8105         43 0.0000e+00
      18919    788.257    161.000     0.4923   2.812927     0.4921   2.813027     2.0261      8.384     1.9229     0.1656      15.05     0.2411    94.1514 1.0857e-01    -0.0432 2.1978e-03   47.54576  -52.58978      0.340    159.593    33.1639    33.1654     0.4862     0.4860    26.5990    26.6002     6.8522     6.8124         35 0.0000e+00
      18956    789.793    161.500     0.4925   2.812984     0.4922   2.813069     2.0257      8.384     1.9224     0.1825      14.50     0.2406    94.1625 1.0853e-01    -0.1971 2.2983e-03   47.54576  -52.58978      0.316    160.091    33.1641    33.1655     0.4864     0.4861    26.5991    26.6003     6.8389     6.8072         45 0.0000e+00
      19089    795.320    162.000     0.4922   2.812980     0.4915   2.812996     2.0235      8.384     1.9231     0.2127      13.96     0.2563    93.7937 1.0850e-01    -0.1758 2.0787e-03   47.54576  -52.58978      0.135    160.584    33.1640    33.1651     0.4860     0.4853    26.5991    26.6000     6.8191     6.8193         65 0.0000e+00
      19135    797.240    162.500     0.4931   2.813150     0.4929   2.813239     2.0229      8.384     1.9231     0.2024      13.50     0.2572    93.7708 1.0857e-01     0.3719 2.2792e-03   47.54576  -52.58978      0.306    161.080    33.1651    33.1664     0.4869     0.4867    26.5999    26.6010     6.8502     6.8182         38 0.0000e+00
      19186    799.371    163.000     0.4930   2.813158     0.4930   2.813295     2.0241      8.384     1.9240     0.1982      12.95     0.2515    93.9047 1.0847e-01     0.9678 2.0633e-03   47.54576  -52.58977      0.206    161.577    33.1650    33.1668     0.4868     0.4868    26.5999    26.6013     6.8494     6.8286         73 0.0000e+00
      19292    803.774    163.500     0.4927   2.813164     0.4927   2.813285     2.0241      8.384     1.9249     0.1827      12.43     0.2522    93.8904 1.0847e-01     0.5663 2.1915e-03   47.54576  -52.58976      0.108    162.069    33.1650    33.1666     0.4865     0.4865    26.5999    26.6012     6.8461     6.8227         73 0.0000e+00
      19337    805.663    164.000     0.4928   2.813209     0.4925   2.813315     2.0251      8.384     1.9250     0.1836      11.98     0.2565    93.7879 1.0844e-01    -0.0055 2.2269e-03   47.54576  -52.58976      0.321    162.565    33.1652    33.1670     0.4866     0.4863    26.6001    26.6015     6.8697     6.8358         34 0.0000e+00
      19395    808.070    164.500     0.4926   2.813219     0.4922   2.813316     2.0251      8.384     1.9255     0.2013      11.44     0.2608    93.6871 1.0843e-01     0.0375 2.2884e-03   47.54576  -52.58976      0.243    163.063    33.1654    33.1670     0.4863     0.4859    26.6002    26.6015     6.8433     6.8318         58 0.0000e+00
      19488    811.968    165.000     0.4924   2.813233     0.4920   2.813323     2.0228      8.384     1.9257     0.1854      10.96     0.2520    93.8941 1.0845e-01     0.3253 2.1986e-03   47.54576  -52.58976      0.245    163.557    33.1654    33.1670     0.4861     0.4857    26.6003    26.6015     6.8263     6.8358         45 0.0000e+00
      19546    814.363    165.500     0.4923   2.813246     0.4917   2.813324     2.0235      8.384     1.9264     0.1794      10.41     0.2526    93.8801 1.0843e-01     0.6220 2.0946e-03   47.54576  -52.58975      0.185    164.052    33.1654    33.1671     0.4860     0.4854    26.6003    26.6016     6.8586     6.8359         70 0.0000e+00
