dat4805001.cnv
* Sea-Bird SBE 9 Data File:
* FileName = C:\data\ctd\at4805001.hdr
* Software Version Seasave V 7.26.7.121
* Temperature SN = 6493
* Conductivity SN = 5044
* Number of Bytes Per Scan = 40
* Number of Voltage Words = 5
* Number of Scans Averaged by the Deck Unit = 1
* NMEA Latitude = 47 32.75 N
* NMEA Longitude = 052 35.33 W
* NMEA UTC (Time) = May 04 2022  12:09:17
** Ship: ATLANTIS
** Cruise: AT4805
** Chief_Scientist: MARC RINGUETTE
** Organization: DFO BIO
** Area_of_Operation: LABRADOR SEA
** Cruise_Description: ATLANTIC ZONE OFF-SHELF MONITORING PROGRAM (AZOMP)
** Station: 001
** Operator: JJ
# nquan = 31
# nvalues = 332                         
# units = specified
# name 0 = scan: Scan Count
# name 1 = timeS: Time, Elapsed [seconds]
# name 2 = prDM: Pressure, Digiquartz [db]
# name 3 = t090C: Temperature [ITS-90, deg C]
# name 4 = c0S/m: Conductivity [S/m]
# name 5 = t190C: Temperature, 2 [ITS-90, deg C]
# name 6 = c1S/m: Conductivity, 2 [S/m]
# name 7 = sbeox0V: Oxygen raw, SBE 43 [V]
# name 8 = ph: pH
# name 9 = sbeox1V: Oxygen raw, SBE 43, 2 [V]
# name 10 = flECO-AFL: Fluorescence, WET Labs ECO-AFL/FL [mg/m^3]
# name 11 = altM: Altimeter [m]
# name 12 = CStarAt0: Beam Attenuation, WET Labs C-Star [1/m]
# name 13 = CStarTr0: Beam Transmission, WET Labs C-Star [%]
# name 14 = par/sat/log: PAR/Logarithmic, Satlantic
# name 15 = wetCDOM: Fluorescence, WET Labs CDOM [mg/m^3]
# name 16 = spar: SPAR, Biospherical/Licor
# name 17 = latitude: Latitude [deg]
# name 18 = longitude: Longitude [deg]
# name 19 = dz/dtM: Descent Rate [m/s]
# name 20 = depSM: Depth [salt water, m]
# name 21 = sal00: Salinity, Practical [PSU]
# name 22 = sal11: Salinity, Practical, 2 [PSU]
# name 23 = potemp090C: Potential Temperature [ITS-90, deg C]
# name 24 = potemp190C: Potential Temperature, 2 [ITS-90, deg C]
# name 25 = sigma-é00: Density [sigma-theta, kg/m^3]
# name 26 = sigma-é11: Density, 2 [sigma-theta, kg/m^3]
# name 27 = sbeox0ML/L: Oxygen, SBE 43 [ml/l], WS = 2
# name 28 = sbeox1ML/L: Oxygen, SBE 43, 2 [ml/l], WS = 2
# name 29 = nbin: number of scans per bin
# name 30 = flag: flag
# span 0 =       7102,      20897       
# span 1 =    295.858,    870.683       
# span 2 =      2.500,    168.000       
# span 3 =    -1.0196,     2.0596       
# span 4 =   2.641738,   2.855480       
# span 5 =    -1.0200,     2.0596       
# span 6 =   2.641864,   2.855666       
# span 7 =     2.0164,     2.6251       
# span 8 =      8.376,      8.652       
# span 9 =     1.9189,     2.4640       
# span 10 =     0.1119,     5.7531      
# span 11 =       7.97,     100.08      
# span 12 =     0.0465,     0.4125      
# span 13 =    90.2020,    98.8448      
# span 14 = 1.0719e-01, 3.0971e+02      
# span 15 =    -0.3713,     1.8712      
# span 16 = 1.0853e-03, 2.4446e-03      
# span 17 =   47.54575,   47.54579      
# span 18 =  -52.58990,  -52.58962      
# span 19 =     -0.068,      0.927      
# span 20 =      2.469,    166.535      
# span 21 =    32.1528,    33.1657      
# span 22 =    32.1559,    33.1671      
# span 23 =    -1.0218,     2.0595      
# span 24 =    -1.0222,     2.0595      
# span 25 =    25.6901,    26.6005      
# span 26 =    25.6919,    26.6016      
# span 27 =     6.7589,     9.3162      
# span 28 =     6.7754,     9.1782      
# span 29 =         13,         85      
# span 30 = 0.0000e+00, 0.0000e+00      
# interval = decibars: 0.5              
# start_time = May 04 2022 12:09:17 [NMEA time, header]
# bad_flag = -9.990e-29
*END*
[from data line 141]
      11839    493.243     73.000    -0.8837   2.645613    -0.8843   2.645680     2.2911      8.463     2.1746     0.4399     100.00     0.0534    98.6739 1.0801e-01     1.3886 1.6596e-03   47.54576  -52.58980      0.802     72.377    32.4792    32.4807    -0.8855    -0.8861    26.1067    26.1080     8.3149     8.3159         14 0.0000e+00
      11853    493.842     73.500    -0.8747   2.646610    -0.8753   2.646675     2.2903      8.463     2.1747     0.4148     100.00     0.0566    98.5949 1.0795e-01     1.3549 2.2055e-03   47.54576  -52.58980      0.847     72.877    32.4826    32.4841    -0.8765    -0.8771    26.1092    26.1104     8.3021     8.3108         15 0.0000e+00
      11870    494.530     74.000    -0.8691   2.647204    -0.8697   2.647289     2.2900      8.462     2.1739     0.3931     100.00     0.0542    98.6546 1.0801e-01     1.0043 1.6794e-03   47.54576  -52.58980      0.766     73.375    32.4843    32.4861    -0.8709    -0.8715    26.1104    26.1119     8.3070     8.3023         19 0.0000e+00
      11895    495.598     74.500    -0.8660   2.647582    -0.8665   2.647711     2.2897      8.461     2.1736     0.4516      94.81     0.0473    98.8235 1.0783e-01     1.2510 1.7398e-03   47.54576  -52.58980      0.480     73.869    32.4858    32.4881    -0.8678    -0.8683    26.1115    26.1134     8.3187     8.3018         35 0.0000e+00
      11938    497.357     75.000    -0.8669   2.647507    -0.8672   2.647795     2.2900      8.462     2.1718     0.6814      95.37     0.0503    98.7517 1.0789e-01     1.2657 1.6343e-03   47.54576  -52.58980      0.257     74.360    32.4854    32.4896    -0.8687    -0.8690    26.1112    26.1146     8.3209     8.2807         44 0.0000e+00
      11976    498.968     75.500    -0.8759   2.646955    -0.8767   2.647061     2.2894      8.460     2.1697     0.8409      98.13     0.0516    98.7181 1.0789e-01     1.2957 1.7449e-03   47.54576  -52.58981      0.325     74.854    32.4874    32.4897    -0.8777    -0.8785    26.1131    26.1150     8.3013     8.2656         35 0.0000e+00
      12009    500.343     76.000    -0.8727   2.647368    -0.8728   2.647518     2.2883      8.458     2.1671     0.7443      99.73     0.0621    98.4591 1.0797e-01     1.4858 1.7255e-03   47.54576  -52.58982      0.370     75.350    32.4892    32.4913    -0.8745    -0.8746    26.1145    26.1162     8.2973     8.2530         29 0.0000e+00
      12034    501.385     76.500    -0.8916   2.646177    -0.8913   2.646480     2.2877      8.458     2.1661     0.5697      97.31     0.0513    98.7265 1.0783e-01     1.4787 1.8346e-03   47.54576  -52.58982      0.483     75.844    32.4932    32.4970    -0.8934    -0.8931    26.1184    26.1214     8.2972     8.2722         22 0.0000e+00
      12053    502.186     77.000    -0.9140   2.645037    -0.9146   2.645316     2.2871      8.458     2.1656     0.6660      89.29     0.0476    98.8173 1.0779e-01     1.3556 1.9669e-03   47.54576  -52.58982      0.610     76.341    32.5017    32.5061    -0.9158    -0.9164    26.1259    26.1295     8.3063     8.2824         18 0.0000e+00
      12071    502.898     77.500    -0.9327   2.643952    -0.9332   2.644210     2.2869      8.458     2.1657     0.6326      95.77     0.0491    98.7798 1.0795e-01     1.2317 1.5246e-03   47.54576  -52.58982      0.696     76.835    32.5070    32.5110    -0.9345    -0.9350    26.1308    26.1341     8.2939     8.2874         16 0.0000e+00
      12088    503.608     78.000    -0.9368   2.643698    -0.9371   2.643877     2.2854      8.458     2.1652     0.6170     100.02     0.0497    98.7657 1.0797e-01     1.1082 1.8330e-03   47.54576  -52.58982      0.716     77.339    32.5077    32.5104    -0.9387    -0.9390    26.1316    26.1338     8.2735     8.2882         18 0.0000e+00
      12107    504.409     78.500    -0.9375   2.643730    -0.9383   2.643849     2.2843      8.458     2.1654     0.4228      99.49     0.0496    98.7686 1.0795e-01     1.3531 1.6875e-03   47.54576  -52.58982      0.637     77.832    32.5085    32.5110    -0.9394    -0.9402    26.1322    26.1343     8.2742     8.2948         21 0.0000e+00
      12130    505.373     79.000    -0.9372   2.643787    -0.9383   2.643865     2.2830      8.458     2.1650     0.4291      98.75     0.0492    98.7773 1.0795e-01     1.0682 1.8281e-03   47.54576  -52.58982      0.522     78.329    32.5086    32.5109    -0.9391    -0.9402    26.1323    26.1342     8.2904     8.2879         26 0.0000e+00
      12160    506.642     79.500    -0.9352   2.643911    -0.9376   2.643933     2.2823      8.458     2.1648     0.6121      98.61     0.0521    98.7057 1.0795e-01     1.3600 1.8486e-03   47.54576  -52.58982      0.385     78.821    32.5079    32.5108    -0.9371    -0.9393    26.1317    26.1341     8.2822     8.2910         35 0.0000e+00
      12194    508.056     80.000    -0.9355   2.643978    -0.9367   2.644031     2.2808      8.458     2.1648     0.4749      98.27     0.0504    98.7482 1.0795e-01     1.2428 1.8114e-03   47.54576  -52.58982      0.352     79.316    32.5088    32.5108    -0.9374    -0.9386    26.1324    26.1341     8.2739     8.2900         31 0.0000e+00
      12223    509.236     80.500    -0.9332   2.644253    -0.9341   2.644332     2.2803      8.458     2.1643     0.5507      97.74     0.0465    98.8448 1.0795e-01     1.4944 1.8788e-03   47.54576  -52.58982      0.432     79.813    32.5097    32.5118    -0.9351    -0.9360    26.1331    26.1348     8.3078     8.2800         26 0.0000e+00
      12249    510.336     81.000    -0.9283   2.644868    -0.9286   2.644995     2.2812      8.458     2.1638     0.6631      97.22     0.0927    97.7109 1.0792e-01     1.3505 1.8087e-03   47.54576  -52.58982      0.456     80.307    32.5124    32.5144    -0.9302    -0.9302    26.1351    26.1367     8.3185     8.2798         27 0.0000e+00
      12276    511.464     81.500    -0.9271   2.645166    -0.9274   2.645254     2.2814      8.458     2.1635     0.3867      96.66     0.0492    98.7785 1.0783e-01     1.5574 1.6271e-03   47.54576  -52.58982      0.441     80.802    32.5149    32.5165    -0.9290    -0.9293    26.1371    26.1384     8.2953     8.2799         27 0.0000e+00
      12301    512.498     82.000    -0.9274   2.645354    -0.9282   2.645478     2.2811      8.458     2.1631     0.3648      96.19     0.0474    98.8235 1.0775e-01     1.1235 1.6657e-03   47.54576  -52.58983      0.483     81.297    32.5174    32.5200    -0.9294    -0.9301    26.1391    26.1412     8.2715     8.2762         22 0.0000e+00
      12322    513.359     82.500    -0.9319   2.645149    -0.9327   2.645280     2.2794      8.458     2.1628     0.4399      95.61     0.0474    98.8216 1.0780e-01     0.0918 1.7372e-03   47.54576  -52.58984      0.572     81.794    32.5192    32.5218    -0.9339    -0.9347    26.1408    26.1429     8.2454     8.2770         19 0.0000e+00
      12339    514.092     83.000    -0.9354   2.644929    -0.9359   2.645062     2.2784      8.458     2.1626     0.3296      92.28     0.0476    98.8172 1.0749e-01     0.7092 1.8689e-03   47.54576  -52.58984      0.672     82.288    32.5198    32.5221    -0.9374    -0.9379    26.1413    26.1432     8.2511     8.2771         17 0.0000e+00
      12356    514.800     83.500    -0.9403   2.644653    -0.9405   2.644838     2.2771      8.458     2.1623     0.3388      94.52     0.0475    98.8202 1.0758e-01     0.6910 1.9655e-03   47.54576  -52.58984      0.710     82.789    32.5210    32.5238    -0.9423    -0.9425    26.1425    26.1447     8.2742     8.2790         18 0.0000e+00
      12375    515.596     84.000    -0.9457   2.644356    -0.9460   2.644544     2.2776      8.458     2.1621     0.3719      94.06     0.0476    98.8167 1.0758e-01     0.6861 1.8644e-03   47.54576  -52.58983      0.646     83.286    32.5226    32.5254    -0.9477    -0.9480    26.1440    26.1462     8.2939     8.2740         21 0.0000e+00
      12400    516.618     84.500    -0.9522   2.644050    -0.9526   2.644205     2.2777      8.458     2.1614     0.3865      93.50     0.0477    98.8148 1.0758e-01     1.3074 1.6625e-03   47.54576  -52.58982      0.490     83.780    32.5251    32.5277    -0.9542    -0.9546    26.1462    26.1483     8.3052     8.2782         28 0.0000e+00
      12433    518.010     85.000    -0.9552   2.643923    -0.9561   2.644039     2.2787      8.457     2.1611     0.4689      92.99     0.0483    98.7988 1.0758e-01     1.2682 1.5981e-03   47.54576  -52.58982      0.346     84.274    32.5263    32.5289    -0.9572    -0.9581    26.1473    26.1494     8.3141     8.2729         39 0.0000e+00
      12472    519.616     85.500    -0.9583   2.643793    -0.9590   2.643918     2.2785      8.456     2.1598     0.8602      92.46     0.0484    98.7959 1.0758e-01     1.3960 1.8397e-03   47.54576  -52.58982      0.309     84.766    32.5276    32.5301    -0.9603    -0.9610    26.1484    26.1505     8.2684     8.2604         34 0.0000e+00
      12501    520.814     86.000    -0.9629   2.643665    -0.9626   2.643833     2.2767      8.457     2.1587     0.3155      91.99     0.0485    98.7944 1.0758e-01     1.1146 1.6734e-03   47.54576  -52.58982      0.431     85.259    32.5306    32.5326    -0.9649    -0.9646    26.1510    26.1526     8.2564     8.2657         24 0.0000e+00
      12521    521.676     86.500    -0.9635   2.643660    -0.9636   2.643803     2.2757      8.457     2.1587     0.2164      90.25     0.0485    98.7945 1.0748e-01     0.6169 1.5409e-03   47.54576  -52.58983      0.566     85.756    32.5309    32.5330    -0.9655    -0.9656    26.1512    26.1529     8.2786     8.2757         19 0.0000e+00
      12538    522.368     87.000    -0.9648   2.643614    -0.9645   2.643783     2.2758      8.454     2.1587     0.2400      90.95     0.0486    98.7911 1.0758e-01     0.3632 1.8690e-03   47.54576  -52.58984      0.695     86.253    32.5314    32.5333    -0.9668    -0.9666    26.1516    26.1533     8.2937     8.2765         15 0.0000e+00
      12553    522.984     87.500    -0.9664   2.643511    -0.9661   2.643711     2.2759      8.455     2.1587     0.3793      90.51     0.0489    98.7852 1.0755e-01    -0.0040 2.0070e-03   47.54576  -52.58984      0.797     86.748    32.5314    32.5338    -0.9685    -0.9682    26.1518    26.1537     8.2908     8.2773         14 0.0000e+00
      12567    523.593     88.000    -0.9675   2.643458    -0.9676   2.643610     2.2760      8.455     2.1587     0.3869      90.02     0.0488    98.7876 1.0758e-01     0.4580 1.6222e-03   47.54576  -52.58984      0.830     87.252    32.5316    32.5337    -0.9696    -0.9697    26.1519    26.1537     8.2727     8.2781         15 0.0000e+00
      12584    524.299     88.500    -0.9679   2.643453    -0.9683   2.643580     2.2748      8.456     2.1587     0.3773      89.45     0.0487    98.7893 1.0751e-01     0.9935 1.5881e-03   47.54576  -52.58984      0.749     87.747    32.5316    32.5338    -0.9700    -0.9704    26.1520    26.1538     8.2543     8.2782         20 0.0000e+00
      12614    525.526     89.000    -0.9679   2.643468    -0.9688   2.643560     2.2738      8.455     2.1584     0.3367      88.82     0.0495    98.7721 1.0748e-01     0.8188 1.7338e-03   47.54576  -52.58984      0.413     88.242    32.5315    32.5338    -0.9700    -0.9708    26.1519    26.1538     8.2704     8.2720         44 0.0000e+00
      12664    527.643     89.500    -0.9669   2.643570    -0.9693   2.643539     2.2740      8.454     2.1576     0.3994      88.31     0.0497    98.7664 1.0740e-01     0.6283 1.4489e-03   47.54576  -52.58984      0.203     88.730    32.5316    32.5338    -0.9690    -0.9715    26.1519    26.1538     8.2995     8.2632         43 0.0000e+00
      12694    528.891     90.000    -0.9704   2.643350    -0.9703   2.643510     2.2747      8.454     2.1565     0.3362      87.85     0.0497    98.7664 1.0744e-01     0.9259 1.6320e-03   47.54576  -52.58984      0.432     89.225    32.5321    32.5341    -0.9725    -0.9724    26.1524    26.1541     8.2965     8.2566         24 0.0000e+00
      12716    529.783     90.500    -0.9757   2.643101    -0.9760   2.643273     2.2747      8.454     2.1562     0.3049      86.96     0.0499    98.7621 1.0732e-01    -0.1384 1.7724e-03   47.54576  -52.58984      0.552     89.724    32.5341    32.5368    -0.9778    -0.9781    26.1543    26.1564     8.3021     8.2630         20 0.0000e+00
      12734    530.556     91.000    -0.9785   2.643051    -0.9788   2.643196     2.2753      8.454     2.1561     0.6987      86.84     0.0499    98.7610 1.0723e-01    -0.1244 1.7960e-03   47.54576  -52.58984      0.638     90.218    32.5362    32.5385    -0.9806    -0.9809    26.1560    26.1579     8.2837     8.2575         17 0.0000e+00
      12751    531.268     91.500    -0.9875   2.642640    -0.9880   2.642800     2.2741      8.454     2.1551     0.5353      86.41     0.0497    98.7672 1.0723e-01     0.2622 1.6484e-03   47.54576  -52.58984      0.697     90.715    32.5401    32.5428    -0.9896    -0.9901    26.1595    26.1617     8.2595     8.2581         17 0.0000e+00
      12768    531.978     92.000    -0.9951   2.642275    -0.9964   2.642392     2.2736      8.454     2.1552     0.3410      85.80     0.0504    98.7485 1.0723e-01     0.6011 1.7634e-03   47.54576  -52.58984      0.710     91.212    32.5430    32.5460    -0.9973    -0.9985    26.1621    26.1646     8.2615     8.2690         18 0.0000e+00
      12787    532.760     92.500    -1.0004   2.641998    -1.0014   2.642133     2.2725      8.454     2.1550     0.3088      85.28     0.0505    98.7453 1.0721e-01     0.1290 1.8907e-03   47.54576  -52.58984      0.654     91.713    32.5447    32.5475    -1.0026    -1.0036    26.1636    26.1660     8.2809     8.2659         20 0.0000e+00
      12812    533.788     93.000    -1.0024   2.641922    -1.0034   2.642019     2.2729      8.454     2.1545     0.3324      84.71     0.0505    98.7460 1.0721e-01     0.0270 1.8153e-03   47.54576  -52.58984      0.493     92.206    32.5456    32.5480    -1.0046    -1.0056    26.1644    26.1664     8.2901     8.2591         31 0.0000e+00
      12857    535.652     93.500    -1.0011   2.642049    -1.0033   2.642046     2.2722      8.454     2.1531     0.3437      84.14     0.0508    98.7382 1.0722e-01    -0.1894 1.7856e-03   47.54576  -52.58984      0.226     92.699    32.5456    32.5479    -1.0033    -1.0055    26.1644    26.1664     8.2738     8.2497         54 0.0000e+00
      12899    537.404     94.000    -1.0061   2.641826    -1.0056   2.641984     2.2705      8.454     2.1520     0.3700      83.69     0.0510    98.7336 1.0721e-01    -0.2504 1.7238e-03   47.54576  -52.58984      0.336     93.188    32.5476    32.5493    -1.0083    -1.0076    26.1662    26.1675     8.2426     8.2511         29 0.0000e+00
      12922    538.364     94.500    -1.0124   2.641738    -1.0129   2.641864     2.2692      8.454     2.1515     0.3097      83.22     0.0512    98.7280 1.0721e-01    -0.2478 1.6291e-03   47.54576  -52.58984      0.517     93.687    32.5530    32.5553    -1.0146    -1.0151    26.1707    26.1726     8.2339     8.2529         21 0.0000e+00
      12942    539.199     95.000    -1.0196   2.641922    -1.0200   2.642020     2.2672      8.453     2.1513     0.2318      82.71     0.0515    98.7222 1.0721e-01     0.3056 1.8833e-03   47.54576  -52.58984      0.598     94.184    32.5630    32.5648    -1.0218    -1.0222    26.1791    26.1805     8.2269     8.2564         20 0.0000e+00
      12963    540.103     95.500    -1.0192   2.642349    -1.0196   2.642453     2.2665      8.452     2.1511     0.2525      82.15     0.0516    98.7181 1.0721e-01     0.6070 1.8343e-03   47.54576  -52.58984      0.563     94.687    32.5680    32.5698    -1.0214    -1.0218    26.1831    26.1846     8.2469     8.2506         24 0.0000e+00
