dat4805001.cnv
* Sea-Bird SBE 9 Data File:
* FileName = C:\data\ctd\at4805001.hdr
* Software Version Seasave V 7.26.7.121
* Temperature SN = 6493
* Conductivity SN = 5044
* Number of Bytes Per Scan = 40
* Number of Voltage Words = 5
* Number of Scans Averaged by the Deck Unit = 1
* NMEA Latitude = 47 32.75 N
* NMEA Longitude = 052 35.33 W
* NMEA UTC (Time) = May 04 2022  12:09:17
** Ship: ATLANTIS
** Cruise: AT4805
** Chief_Scientist: MARC RINGUETTE
** Organization: DFO BIO
** Area_of_Operation: LABRADOR SEA
** Cruise_Description: ATLANTIC ZONE OFF-SHELF MONITORING PROGRAM (AZOMP)
** Station: 001
** Operator: JJ
# nquan = 31
# nvalues = 332                         
# units = specified
# name 0 = scan: Scan Count
# name 1 = timeS: Time, Elapsed [seconds]
# name 2 = prDM: Pressure, Digiquartz [db]
# name 3 = t090C: Temperature [ITS-90, deg C]
# name 4 = c0S/m: Conductivity [S/m]
# name 5 = t190C: Temperature, 2 [ITS-90, deg C]
# name 6 = c1S/m: Conductivity, 2 [S/m]
# name 7 = sbeox0V: Oxygen raw, SBE 43 [V]
# name 8 = ph: pH
# name 9 = sbeox1V: Oxygen raw, SBE 43, 2 [V]
# name 10 = flECO-AFL: Fluorescence, WET Labs ECO-AFL/FL [mg/m^3]
# name 11 = altM: Altimeter [m]
# name 12 = CStarAt0: Beam Attenuation, WET Labs C-Star [1/m]
# name 13 = CStarTr0: Beam Transmission, WET Labs C-Star [%]
# name 14 = par/sat/log: PAR/Logarithmic, Satlantic
# name 15 = wetCDOM: Fluorescence, WET Labs CDOM [mg/m^3]
# name 16 = spar: SPAR, Biospherical/Licor
# name 17 = latitude: Latitude [deg]
# name 18 = longitude: Longitude [deg]
# name 19 = dz/dtM: Descent Rate [m/s]
# name 20 = depSM: Depth [salt water, m]
# name 21 = sal00: Salinity, Practical [PSU]
# name 22 = sal11: Salinity, Practical, 2 [PSU]
# name 23 = potemp090C: Potential Temperature [ITS-90, deg C]
# name 24 = potemp190C: Potential Temperature, 2 [ITS-90, deg C]
# name 25 = sigma-é00: Density [sigma-theta, kg/m^3]
# name 26 = sigma-é11: Density, 2 [sigma-theta, kg/m^3]
# name 27 = sbeox0ML/L: Oxygen, SBE 43 [ml/l], WS = 2
# name 28 = sbeox1ML/L: Oxygen, SBE 43, 2 [ml/l], WS = 2
# name 29 = nbin: number of scans per bin
# name 30 = flag: flag
# span 0 =       7102,      20897       
# span 1 =    295.858,    870.683       
# span 2 =      2.500,    168.000       
# span 3 =    -1.0196,     2.0596       
# span 4 =   2.641738,   2.855480       
# span 5 =    -1.0200,     2.0596       
# span 6 =   2.641864,   2.855666       
# span 7 =     2.0164,     2.6251       
# span 8 =      8.376,      8.652       
# span 9 =     1.9189,     2.4640       
# span 10 =     0.1119,     5.7531      
# span 11 =       7.97,     100.08      
# span 12 =     0.0465,     0.4125      
# span 13 =    90.2020,    98.8448      
# span 14 = 1.0719e-01, 3.0971e+02      
# span 15 =    -0.3713,     1.8712      
# span 16 = 1.0853e-03, 2.4446e-03      
# span 17 =   47.54575,   47.54579      
# span 18 =  -52.58990,  -52.58962      
# span 19 =     -0.068,      0.927      
# span 20 =      2.469,    166.535      
# span 21 =    32.1528,    33.1657      
# span 22 =    32.1559,    33.1671      
# span 23 =    -1.0218,     2.0595      
# span 24 =    -1.0222,     2.0595      
# span 25 =    25.6901,    26.6005      
# span 26 =    25.6919,    26.6016      
# span 27 =     6.7589,     9.3162      
# span 28 =     6.7754,     9.1782      
# span 29 =         13,         85      
# span 30 = 0.0000e+00, 0.0000e+00      
# interval = decibars: 0.5              
# start_time = May 04 2022 12:09:17 [NMEA time, header]
# bad_flag = -9.990e-29
*END*
[from data line 234]
      15699    654.094    119.500    -0.7937   2.669934    -0.7944   2.670011     2.2265      8.438     2.1148     0.1831      57.33     0.0664    98.3545 1.0746e-01     0.5057 1.8304e-03   47.54576  -52.58988      0.627    118.465    32.6822    32.6840    -0.7968    -0.7975    26.2681    26.2695     7.9964     8.0358         18 0.0000e+00
      15717    654.850    120.000    -0.7202   2.676432    -0.7192   2.675797     2.2248      8.438     2.1147     0.5119      56.82     0.0664    98.3545 1.0758e-01     0.6149 2.1015e-03   47.54576  -52.58988      0.664    118.965    32.6899    32.6803    -0.7234    -0.7224    26.2717    26.2638     7.9931     8.0115         18 0.0000e+00
      15736    655.632    120.500    -0.6985   2.678968    -0.6986   2.678969     2.2250      8.439     2.1142     0.2976      56.28     0.0667    98.3463 1.0756e-01     0.3731 1.8614e-03   47.54576  -52.58988      0.644    119.457    32.7002    32.7004    -0.7017    -0.7018    26.2792    26.2793     8.0149     7.9946         19 0.0000e+00
      15756    656.455    121.000    -0.6996   2.679297    -0.6998   2.679319     2.2249      8.441     2.1134     0.1715      55.77     0.0665    98.3508 1.0758e-01     0.2870 1.9185e-03   47.54576  -52.58988      0.614    119.956    32.7055    32.7061    -0.7028    -0.7030    26.2835    26.2840     8.0267     7.9905         21 0.0000e+00
      15778    657.383    121.500    -0.7150   2.678249    -0.7146   2.678542     2.2262      8.441     2.1127     0.1723      55.25     0.0666    98.3502 1.0758e-01     0.3931 2.0334e-03   47.54576  -52.58988      0.545    120.454    32.7078    32.7113    -0.7182    -0.7178    26.2860    26.2887     8.0410     7.9907         24 0.0000e+00
      15807    658.572    122.000    -0.7335   2.677367    -0.7351   2.677269     2.2258      8.441     2.1115     0.1472      54.68     0.0669    98.3421 1.0758e-01     0.5357 1.7418e-03   47.54576  -52.58988      0.412    120.947    32.7156    32.7161    -0.7367    -0.7383    26.2929    26.2934     8.0144     7.9850         33 0.0000e+00
      15842    660.048    122.500    -0.7448   2.676800    -0.7451   2.676879     2.2250      8.440     2.1097     0.1697      54.17     0.0672    98.3328 1.0758e-01     0.8438 2.0750e-03   47.54576  -52.58988      0.330    121.441    32.7199    32.7214    -0.7480    -0.7483    26.2968    26.2980     8.0107     7.9785         36 0.0000e+00
      15874    661.355    123.000    -0.7518   2.676499    -0.7520   2.676612     2.2246      8.441     2.1081     0.2062      53.69     0.0673    98.3316 1.0758e-01     1.0981 2.1147e-03   47.54576  -52.58988      0.393    121.932    32.7233    32.7250    -0.7550    -0.7552    26.2998    26.3012     8.0131     7.9751         26 0.0000e+00
      15896    662.310    123.500    -0.7564   2.676355    -0.7566   2.676449     2.2242      8.439     2.1075     0.1363      53.24     0.0674    98.3286 1.0758e-01     1.3126 1.6188e-03   47.54576  -52.58988      0.520    122.430    32.7259    32.7275    -0.7596    -0.7598    26.3021    26.3034     8.0139     7.9901         21 0.0000e+00
      15915    663.071    124.000    -0.7541   2.676725    -0.7541   2.676787     2.2238      8.440     2.1075     0.1387      52.75     0.0674    98.3287 1.0758e-01     1.3547 2.1465e-03   47.54576  -52.58988      0.640    122.923    32.7281    32.7290    -0.7573    -0.7573    26.3038    26.3045     7.9883     7.9909         17 0.0000e+00
      15931    663.756    124.500    -0.7554   2.677054    -0.7557   2.677046     2.2220      8.439     2.1073     0.1797      52.25     0.0674    98.3287 1.0758e-01     1.3554 1.9877e-03   47.54576  -52.58988      0.724    123.425    32.7337    32.7340    -0.7587    -0.7590    26.3084    26.3086     7.9786     7.9863         16 0.0000e+00
      15948    664.439    125.000    -0.7427   2.678671    -0.7428   2.678602     2.2219      8.439     2.1070     0.1312      51.72     0.0674    98.3287 1.0758e-01     0.6574 1.8009e-03   47.54576  -52.58988      0.738    123.920    32.7414    32.7406    -0.7460    -0.7461    26.3141    26.3135     7.9742     7.9799         17 0.0000e+00
      15966    665.222    125.500    -0.7385   2.679572    -0.7392   2.679515     2.2203      8.440     2.1067     0.1724      51.20     0.0674    98.3299 1.0758e-01     0.3954 1.7461e-03   47.54576  -52.58988      0.664    124.420    32.7487    32.7486    -0.7418    -0.7425    26.3199    26.3199     7.9775     7.9763         21 0.0000e+00
      15996    666.460    126.000    -0.7294   2.680758    -0.7184   2.681955     2.2202      8.439     2.1060     0.1886      50.64     0.0674    98.3288 1.0758e-01     0.1869 2.2582e-03   47.54576  -52.58988      0.400    124.914    32.7545    32.7587    -0.7327    -0.7218    26.3243    26.3272     7.9993     7.9679         41 0.0000e+00
      16049    668.662    126.500    -0.7235   2.681224    -0.6967   2.684407     2.2191      8.439     2.1047     0.2250      50.09     0.0674    98.3282 1.0758e-01     0.1197 1.8088e-03   47.54576  -52.58988      0.193    125.404    32.7541    32.7678    -0.7269    -0.7001    26.3237    26.3338     7.9689     7.9528         56 0.0000e+00
      16091    670.419    127.000    -0.6680   2.687212    -0.6599   2.687768     2.2174      8.438     2.1032     0.1586      49.59     0.0676    98.3231 1.0758e-01     0.1623 2.1625e-03   47.54576  -52.58988      0.333    125.896    32.7740    32.7728    -0.6714    -0.6633    26.3378    26.3365     7.9186     7.9191         29 0.0000e+00
      16114    671.371    127.500    -0.6213   2.691698    -0.6207   2.691798     2.2143      8.438     2.1014     0.2164      49.15     0.0680    98.3148 1.0758e-01     0.3768 1.8529e-03   47.54576  -52.58988      0.517    126.390    32.7834    32.7841    -0.6248    -0.6242    26.3436    26.3441     7.8364     7.8881         19 0.0000e+00
      16131    672.078    128.000    -0.6110   2.692784    -0.6052   2.693147     2.2108      8.437     2.0997     0.2129      48.68     0.0680    98.3141 1.0758e-01     0.3689 1.9867e-03   47.54576  -52.58988      0.673    126.892    32.7866    32.7851    -0.6145    -0.6087    26.3458    26.3444     7.7993     7.8653         16 0.0000e+00
      16145    672.686    128.500    -0.5930   2.694568    -0.5927   2.694522     2.2075      8.437     2.0979     0.2190      48.14     0.0683    98.3084 1.0761e-01     0.3777 2.0059e-03   47.54576  -52.58988      0.796    127.382    32.7906    32.7897    -0.5966    -0.5963    26.3484    26.3476     7.7945     7.8498         14 0.0000e+00
      16159    673.263    129.000    -0.5488   2.698818    -0.5537   2.697666     2.2057      8.437     2.0963     0.1566      47.62     0.0681    98.3120 1.0768e-01     0.4906 2.0920e-03   47.54576  -52.58988      0.859    127.884    32.7994    32.7894    -0.5524    -0.5574    26.3537    26.3458     7.7850     7.8334         14 0.0000e+00
      16173    673.847    129.500    -0.4744   2.706284    -0.4771   2.705601     2.2031      8.437     2.0944     0.1514      47.14     0.0683    98.3084 1.0774e-01     0.5357 1.7485e-03   47.54576  -52.58988      0.868    128.382    32.8185    32.8123    -0.4781    -0.4808    26.3662    26.3613     7.7612     7.8116         14 0.0000e+00
      16188    674.476    130.000    -0.4595   2.707931    -0.4603   2.707816     2.2008      8.436     2.0934     0.1519      46.61     0.0684    98.3044 1.0779e-01     0.7377 1.8310e-03   47.54576  -52.58988      0.820    128.877    32.8241    32.8234    -0.4633    -0.4641    26.3701    26.3696     7.7785     7.8064         16 0.0000e+00
      16206    675.212    130.500    -0.4518   2.708769    -0.4524   2.708697     2.1998      8.436     2.0915     0.1676      46.03     0.0684    98.3041 1.0775e-01     0.8232 2.1895e-03   47.54576  -52.58988      0.707    129.374    32.8266    32.8263    -0.4556    -0.4562    26.3719    26.3716     7.8037     7.8002         20 0.0000e+00
      16233    676.348    131.000    -0.4477   2.709220    -0.4462   2.709138     2.1990      8.433     2.0897     0.1420      45.42     0.0685    98.3029 1.0787e-01     0.8610 1.9792e-03   47.54576  -52.58988      0.453    129.870    32.8281    32.8252    -0.4515    -0.4500    26.3729    26.3705     7.8186     7.8046         40 0.0000e+00
      16304    679.304    131.500    -0.4600   2.708000    -0.4777   2.706449     2.1966      8.435     2.0873     0.2253      44.85     0.0686    98.3014 1.0789e-01     1.1739 1.8557e-03   47.54576  -52.58988      0.094    130.356    32.8246    32.8231    -0.4638    -0.4815    26.3706    26.3701     7.7784     7.8033         64 0.0000e+00
      16341    680.835    132.000    -0.4187   2.711938    -0.4145   2.711890     2.1921      8.434     2.0844     0.2385      44.44     0.0685    98.3016 1.0790e-01     0.6733 1.7154e-03   47.54576  -52.58988      0.415    130.850    32.8322    32.8271    -0.4225    -0.4184    26.3750    26.3707     7.7054     7.7502         22 0.0000e+00
      16359    681.600    132.500    -0.3692   2.716749    -0.3674   2.716474     2.1894      8.432     2.0822     0.2008      43.99     0.0686    98.3013 1.0795e-01     0.6140 1.7238e-03   47.54576  -52.58988      0.613    131.349    32.8426    32.8369    -0.3732    -0.3713    26.3814    26.3767     7.6881     7.7233         17 0.0000e+00
      16374    682.229    133.000    -0.3173   2.722086    -0.3138   2.722027     2.1875      8.431     2.0806     0.1841      43.49     0.0686    98.3010 1.0792e-01     0.6155 1.9185e-03   47.54576  -52.58988      0.757    131.842    32.8572    32.8527    -0.3213    -0.3178    26.3910    26.3872     7.6556     7.7045         14 0.0000e+00
      16388    682.786    133.500    -0.3028   2.723670    -0.2992   2.723833     2.1849      8.431     2.0793     0.1688      43.02     0.0685    98.3028 1.0795e-01     0.7000 1.9718e-03   47.54576  -52.58988      0.867    132.339    32.8624    32.8607    -0.3069    -0.3033    26.3945    26.3930     7.6384     7.6925         13 0.0000e+00
      16401    683.322    134.000    -0.2813   2.725830    -0.2819   2.725603     2.1831      8.431     2.0776     0.1434      42.51     0.0687    98.2989 1.0795e-01     0.7380 2.1562e-03   47.54576  -52.58988      0.927    132.839    32.8675    32.8652    -0.2854    -0.2860    26.3978    26.3959     7.6256     7.6832         13 0.0000e+00
      16414    683.876    134.500    -0.2670   2.727326    -0.2702   2.726970     2.1812      8.430     2.0764     0.1343      41.98     0.0688    98.2955 1.0795e-01     0.5263 1.8429e-03   47.54576  -52.58988      0.923    133.339    32.8718    32.8705    -0.2711    -0.2743    26.4006    26.3997     7.6154     7.6783         14 0.0000e+00
      16429    684.512    135.000    -0.2531   2.728759    -0.2555   2.728396     2.1784      8.429     2.0752     0.1162      41.45     0.0689    98.2923 1.0795e-01     0.3757 1.7972e-03   47.54576  -52.58988      0.833    133.836    32.8755    32.8733    -0.2573    -0.2597    26.4030    26.4013     7.6300     7.6699         17 0.0000e+00
      16451    685.398    135.500    -0.2312   2.730997    -0.2316   2.730803     2.1778      8.428     2.0731     0.1715      40.83     0.0687    98.2985 1.0795e-01     0.2579 1.8080e-03   47.54576  -52.58986      0.595    134.329    32.8812    32.8791    -0.2354    -0.2358    26.4067    26.4050     7.6741     7.6610         27 0.0000e+00
      16496    687.297    136.000    -0.2365   2.730507    -0.2134   2.732844     2.1761      8.427     2.0695     0.1686      40.25     0.0689    98.2937 1.0795e-01     0.1430 2.1243e-03   47.54576  -52.58986      0.220    134.821    32.8802    32.8864    -0.2407    -0.2175    26.4061    26.4100     7.6375     7.6330         62 0.0000e+00
      16546    689.389    136.500    -0.2011   2.733883    -0.1851   2.735809     2.1712      8.428     2.0642     0.1701      39.78     0.0693    98.2828 1.0795e-01     0.3171 2.0564e-03   47.54576  -52.58986      0.296    135.309    32.8864    32.8948    -0.2054    -0.1894    26.4096    26.4156     7.5672     7.5860         32 0.0000e+00
      16569    690.337    137.000    -0.1507   2.739385    -0.1502   2.739203     2.1678      8.426     2.0614     0.1452      39.38     0.0694    98.2782 1.0795e-01     0.4798 1.9919e-03   47.54576  -52.58986      0.513    135.810    32.9047    32.9018    -0.1551    -0.1546    26.4221    26.4197     7.5349     7.5696         19 0.0000e+00
      16586    691.055    137.500    -0.1353   2.741115    -0.1352   2.741051     2.1650      8.425     2.0595     0.1538      38.91     0.0694    98.2785 1.0797e-01     0.6141 2.2863e-03   47.54576  -52.58986      0.671    136.301    32.9107    32.9098    -0.1397    -0.1396    26.4262    26.4255     7.5236     7.5588         16 0.0000e+00
      16602    691.689    138.000    -0.1239   2.742424    -0.1239   2.742265     2.1630      8.425     2.0579     0.1230      38.42     0.0691    98.2880 1.0798e-01     0.5096 2.2675e-03   47.54576  -52.58986      0.776    136.801    32.9154    32.9134    -0.1283    -0.1283    26.4295    26.4278     7.5297     7.5509         14 0.0000e+00
      16616    692.310    138.500    -0.1147   2.743654    -0.1150   2.743573     2.1621      8.425     2.0566     0.1119      37.85     0.0688    98.2963 1.0800e-01     0.5076 1.8333e-03   47.54576  -52.58986      0.808    137.300    32.9215    32.9207    -0.1192    -0.1194    26.4340    26.4334     7.5254     7.5452         16 0.0000e+00
      16633    692.991    139.000    -0.1121   2.744319    -0.1123   2.744302     2.1599      8.425     2.0549     0.1198      37.32     0.0692    98.2846 1.0803e-01     0.6110 2.0914e-03   47.54576  -52.58986      0.763    137.797    32.9272    32.9272    -0.1166    -0.1168    26.4385    26.4384     7.5198     7.5335         18 0.0000e+00
      16654    693.883    139.500    -0.1144   2.744286    -0.1145   2.744364     2.1586      8.424     2.0526     0.1128      36.81     0.0693    98.2811 1.0813e-01     0.7091 2.0685e-03   47.54576  -52.58986      0.581    138.294    32.9290    32.9301    -0.1189    -0.1190    26.4400    26.4409     7.5468     7.5266         26 0.0000e+00
      16688    695.274    140.000    -0.1206   2.743614    -0.1174   2.744114     2.1582      8.423     2.0502     0.1656      36.22     0.0693    98.2833 1.0818e-01     0.8639 1.9865e-03   47.54576  -52.58986      0.339    138.785    32.9264    32.9296    -0.1251    -0.1219    26.4382    26.4407     7.5828     7.5349         40 0.0000e+00
      16726    696.855    140.500    -0.1505   2.741318    -0.1485   2.741894     2.1590      8.424     2.0488     0.2398      35.72     0.0693    98.2825 1.0825e-01     1.0443 2.0626e-03   47.54576  -52.58986      0.323    139.277    32.9280    32.9331    -0.1550    -0.1530    26.4409    26.4449     7.5973     7.5500         32 0.0000e+00
      16753    698.010    141.000    -0.2200   2.735706    -0.2204   2.736046     2.1596      8.424     2.0482     0.1705      35.28     0.0695    98.2758 1.0827e-01     1.2337 1.9527e-03   47.54576  -52.58986      0.444    139.774    32.9284    32.9334    -0.2244    -0.2248    26.4443    26.4483     7.5984     7.5636         25 0.0000e+00
      16776    698.976    141.500    -0.2343   2.734833    -0.2349   2.734980     2.1590      8.424     2.0477     0.1586      34.75     0.0695    98.2769 1.0831e-01     1.1315 1.8872e-03   47.54576  -52.58986      0.519    140.269    32.9320    32.9346    -0.2387    -0.2393    26.4478    26.4500     7.5853     7.5651         22 0.0000e+00
      16798    699.891    142.000    -0.2515   2.733582    -0.2520   2.733685     2.1579      8.424     2.0470     0.1792      34.27     0.0695    98.2769 1.0831e-01     0.7407 1.9422e-03   47.54576  -52.58986      0.545    140.765    32.9337    32.9356    -0.2559    -0.2564    26.4499    26.4515     7.5648     7.5618         22 0.0000e+00
