dat4805001.cnv
* Sea-Bird SBE 9 Data File:
* FileName = C:\data\ctd\at4805001.hdr
* Software Version Seasave V 7.26.7.121
* Temperature SN = 6493
* Conductivity SN = 5044
* Number of Bytes Per Scan = 40
* Number of Voltage Words = 5
* Number of Scans Averaged by the Deck Unit = 1
* NMEA Latitude = 47 32.75 N
* NMEA Longitude = 052 35.33 W
* NMEA UTC (Time) = May 04 2022  12:09:17
** Ship: ATLANTIS
** Cruise: AT4805
** Chief_Scientist: MARC RINGUETTE
** Organization: DFO BIO
** Area_of_Operation: LABRADOR SEA
** Cruise_Description: ATLANTIC ZONE OFF-SHELF MONITORING PROGRAM (AZOMP)
** Station: 001
** Operator: JJ
# nquan = 31
# nvalues = 332                         
# units = specified
# name 0 = scan: Scan Count
# name 1 = timeS: Time, Elapsed [seconds]
# name 2 = prDM: Pressure, Digiquartz [db]
# name 3 = t090C: Temperature [ITS-90, deg C]
# name 4 = c0S/m: Conductivity [S/m]
# name 5 = t190C: Temperature, 2 [ITS-90, deg C]
# name 6 = c1S/m: Conductivity, 2 [S/m]
# name 7 = sbeox0V: Oxygen raw, SBE 43 [V]
# name 8 = ph: pH
# name 9 = sbeox1V: Oxygen raw, SBE 43, 2 [V]
# name 10 = flECO-AFL: Fluorescence, WET Labs ECO-AFL/FL [mg/m^3]
# name 11 = altM: Altimeter [m]
# name 12 = CStarAt0: Beam Attenuation, WET Labs C-Star [1/m]
# name 13 = CStarTr0: Beam Transmission, WET Labs C-Star [%]
# name 14 = par/sat/log: PAR/Logarithmic, Satlantic
# name 15 = wetCDOM: Fluorescence, WET Labs CDOM [mg/m^3]
# name 16 = spar: SPAR, Biospherical/Licor
# name 17 = latitude: Latitude [deg]
# name 18 = longitude: Longitude [deg]
# name 19 = dz/dtM: Descent Rate [m/s]
# name 20 = depSM: Depth [salt water, m]
# name 21 = sal00: Salinity, Practical [PSU]
# name 22 = sal11: Salinity, Practical, 2 [PSU]
# name 23 = potemp090C: Potential Temperature [ITS-90, deg C]
# name 24 = potemp190C: Potential Temperature, 2 [ITS-90, deg C]
# name 25 = sigma-é00: Density [sigma-theta, kg/m^3]
# name 26 = sigma-é11: Density, 2 [sigma-theta, kg/m^3]
# name 27 = sbeox0ML/L: Oxygen, SBE 43 [ml/l], WS = 2
# name 28 = sbeox1ML/L: Oxygen, SBE 43, 2 [ml/l], WS = 2
# name 29 = nbin: number of scans per bin
# name 30 = flag: flag
# span 0 =       7102,      20897       
# span 1 =    295.858,    870.683       
# span 2 =      2.500,    168.000       
# span 3 =    -1.0196,     2.0596       
# span 4 =   2.641738,   2.855480       
# span 5 =    -1.0200,     2.0596       
# span 6 =   2.641864,   2.855666       
# span 7 =     2.0164,     2.6251       
# span 8 =      8.376,      8.652       
# span 9 =     1.9189,     2.4640       
# span 10 =     0.1119,     5.7531      
# span 11 =       7.97,     100.08      
# span 12 =     0.0465,     0.4125      
# span 13 =    90.2020,    98.8448      
# span 14 = 1.0719e-01, 3.0971e+02      
# span 15 =    -0.3713,     1.8712      
# span 16 = 1.0853e-03, 2.4446e-03      
# span 17 =   47.54575,   47.54579      
# span 18 =  -52.58990,  -52.58962      
# span 19 =     -0.068,      0.927      
# span 20 =      2.469,    166.535      
# span 21 =    32.1528,    33.1657      
# span 22 =    32.1559,    33.1671      
# span 23 =    -1.0218,     2.0595      
# span 24 =    -1.0222,     2.0595      
# span 25 =    25.6901,    26.6005      
# span 26 =    25.6919,    26.6016      
# span 27 =     6.7589,     9.3162      
# span 28 =     6.7754,     9.1782      
# span 29 =         13,         85      
# span 30 = 0.0000e+00, 0.0000e+00      
# interval = decibars: 0.5              
# start_time = May 04 2022 12:09:17 [NMEA time, header]
# bad_flag = -9.990e-29
*END*
       7102    295.858      2.500     2.0596   2.855480     2.0596   2.855666     2.6005      8.646     2.4591     0.1375      97.97     0.1214    97.0105 3.0971e+02    -0.1594 1.4178e-03   47.54579  -52.58962     -0.068      2.469    32.1570    32.1592     2.0595     2.0595    25.6901    25.6919     8.9101     8.8262         19 0.0000e+00
       7134    297.205      3.000     2.0589   2.855466     2.0586   2.855596     2.6024      8.646     2.4590     0.1646      99.30     0.1205    97.0332 2.8767e+02    -0.0351 1.1199e-03   47.54576  -52.58962      0.363      2.977    32.1573    32.1591     2.0588     2.0585    25.6904    25.6919     8.9151     8.8378         33 0.0000e+00
       8207    341.907      3.500     2.0479   2.854524     2.0479   2.854705     2.6027      8.647     2.4591     0.1610      99.12     0.1260    96.8969 2.6273e+02    -0.0447 1.4268e-03   47.54578  -52.58969      0.333      3.472    32.1564    32.1587     2.0477     2.0477    25.6906    25.6924     8.9018     8.8394         35 0.0000e+00
       8435    351.417      4.000     2.0442   2.854235     2.0463   2.854607     2.6020      8.646     2.4589     0.1712      99.90     0.1292    96.8204 2.4935e+02     0.3834 1.2325e-03   47.54578  -52.58972      0.403      3.971    32.1564    32.1588     2.0440     2.0461    25.6908    25.6925     8.8799     8.8345         36 0.0000e+00
       8509    354.507      4.500     2.0405   2.853909     2.0464   2.854599     2.6005      8.647     2.4583     0.1524      99.95     0.1235    96.9595 2.2728e+02     1.4870 1.5265e-03   47.54578  -52.58972      0.165      4.458    32.1557    32.1584     2.0403     2.0462    25.6905    25.6922     8.8624     8.8291         54 0.0000e+00
       8542    355.887      5.000     2.0409   2.853951     2.0432   2.854380     2.5982      8.647     2.4571     0.1591      81.83     0.1177    97.1000 2.1541e+02     0.3508 1.3260e-03   47.54578  -52.58972      0.432      4.956    32.1559    32.1585     2.0404     2.0430    25.6907    25.6926     8.8472     8.8221         23 0.0000e+00
       8564    356.787      5.500     2.0459   2.854464     2.0459   2.854608     2.5976      8.646     2.4568     0.1680      87.83     0.1247    96.9309 1.9636e+02    -0.1276 1.3372e-03   47.54578  -52.58972      0.554      5.455    32.1566    32.1584     2.0456     2.0456    25.6908    25.6923     8.8646     8.8294         21 0.0000e+00
       8585    357.684      6.000     2.0466   2.854549     2.0461   2.854648     2.5975      8.647     2.4568     0.1735      92.82     0.1346    96.6904 1.7801e+02    -0.0046 1.4307e-03   47.54578  -52.58972      0.564      5.953    32.1567    32.1584     2.0463     2.0458    25.6908    25.6923     8.8722     8.8314         23 0.0000e+00
       8614    358.862      6.500     2.0471   2.854606     2.0472   2.854775     2.5977      8.647     2.4567     0.1728      97.78     0.1316    96.7630 1.6779e+02    -0.1210 1.4015e-03   47.54578  -52.58972      0.415      6.447    32.1567    32.1586     2.0468     2.0469    25.6908    25.6924     8.8860     8.8348         34 0.0000e+00
       8648    360.280      7.000     2.0417   2.854163     2.0463   2.854745     2.5987      8.647     2.4576     0.1731     100.00     0.1242    96.9441 1.5354e+02    -0.3443 1.4332e-03   47.54578  -52.58972      0.344      6.938    32.1563    32.1589     2.0414     2.0460    25.6909    25.6926     8.8889     8.8467         29 0.0000e+00
       8671    361.251      7.500     2.0377   2.853835     2.0381   2.854064     2.5987      8.646     2.4581     0.2118      99.88     0.1213    97.0127 1.4673e+02     0.0051 1.5700e-03   47.54578  -52.58972      0.517      7.434    32.1561    32.1585     2.0373     2.0377    25.6910    25.6929     8.8728     8.8492         21 0.0000e+00
       8691    362.092      8.000     2.0358   2.853705     2.0360   2.853892     2.5981      8.647     2.4585     0.2243      99.87     0.1192    97.0638 1.3558e+02     0.0841 1.7074e-03   47.54578  -52.58972      0.593      7.934    32.1561    32.1582     2.0354     2.0356    25.6912    25.6928     8.8601     8.8556         20 0.0000e+00
       8712    362.966      8.500     2.0353   2.853685     2.0352   2.853839     2.5969      8.648     2.4592     0.1991      99.85     0.1164    97.1314 1.2464e+02    -0.2592 1.4471e-03   47.54578  -52.58972      0.579      8.430    32.1561    32.1581     2.0349     2.0348    25.6912    25.6928     8.8546     8.8556         22 0.0000e+00
       8737    363.991      9.000     2.0349   2.853661     2.0350   2.853834     2.5962      8.647     2.4593     0.1937      99.83     0.1169    97.1211 1.1778e+02    -0.3566 1.4022e-03   47.54578  -52.58972      0.487      8.927    32.1559    32.1580     2.0345     2.0346    25.6910    25.6927     8.8699     8.8475         27 0.0000e+00
       8765    365.157      9.500     2.0352   2.853708     2.0353   2.853869     2.5971      8.647     2.4589     0.2808      86.59     0.1268    96.8788 1.0954e+02    -0.2782 1.5983e-03   47.54578  -52.58972      0.425      9.420    32.1559    32.1579     2.0347     2.0348    25.6911    25.6926     8.8982     8.8385         29 0.0000e+00
       8792    366.305     10.000     2.0353   2.853728     2.0348   2.853858     2.5976      8.647     2.4580     0.1997      97.92     0.1231    96.9684 1.0237e+02    -0.3469 1.6434e-03   47.54578  -52.58972      0.438      9.915    32.1558    32.1579     2.0348     2.0343    25.6910    25.6927     8.8875     8.8324         26 0.0000e+00
       8817    367.331     10.500     2.0348   2.853717     2.0342   2.853826     2.5981      8.647     2.4571     0.1817      99.67     0.1144    97.1804 9.7460e+01    -0.2641 1.4339e-03   47.54578  -52.58972      0.486     10.408    32.1559    32.1578     2.0343     2.0337    25.6911    25.6927     8.8941     8.8281         23 0.0000e+00
       8838    368.210     11.000     2.0340   2.853672     2.0334   2.853764     2.5986      8.647     2.4566     0.2499      99.77     0.1271    96.8720 9.0637e+01    -0.3713 1.4782e-03   47.54576  -52.58972      0.562     10.907    32.1558    32.1576     2.0335     2.0329    25.6911    25.6925     8.8717     8.8291         19 0.0000e+00
       8857    368.997     11.500     2.0329   2.853592     2.0330   2.853763     2.5969      8.648     2.4558     0.2386      99.76     0.1316    96.7641 8.4401e+01    -0.3711 1.6702e-03   47.54576  -52.58972      0.635     11.404    32.1558    32.1577     2.0323     2.0325    25.6911    25.6927     8.8468     8.8267         19 0.0000e+00
       8877    369.830     12.000     2.0324   2.853575     2.0325   2.853734     2.5961      8.647     2.4556     0.2458      99.74     0.1242    96.9413 8.0196e+01    -0.3167 1.5573e-03   47.54576  -52.58972      0.613     11.903    32.1558    32.1576     2.0318     2.0319    25.6911    25.6926     8.8673     8.8343         22 0.0000e+00
       8902    370.880     12.500     2.0313   2.853494     2.0312   2.853655     2.5965      8.648     2.4557     0.2183      99.72     0.1270    96.8749 7.5466e+01    -0.0817 1.4764e-03   47.54576  -52.58972      0.475     12.398    32.1556    32.1576     2.0307     2.0306    25.6911    25.6927     8.8920     8.8432         29 0.0000e+00
       8933    372.172     13.000     2.0314   2.853517     2.0318   2.853715     2.5970      8.649     2.4561     0.2647      93.77     0.1262    96.8954 6.9330e+01     0.4105 1.2991e-03   47.54576  -52.58972      0.377     12.889    32.1556    32.1576     2.0308     2.0312    25.6911    25.6926     8.8891     8.8429         31 0.0000e+00
       8962    373.355     13.500     2.0331   2.853680     2.0326   2.853789     2.5973      8.647     2.4561     0.2849      93.57     0.1273    96.8675 6.4644e+01     0.9573 1.3149e-03   47.54576  -52.58972      0.430     13.385    32.1556    32.1574     2.0324     2.0320    25.6909    25.6924     8.8856     8.8446         26 0.0000e+00
       8987    374.410     14.000     2.0338   2.853777     2.0344   2.853974     2.5972      8.649     2.4566     0.3404      96.39     0.1256    96.9092 6.0747e+01     1.4361 1.3187e-03   47.54576  -52.58972      0.476     13.884    32.1558    32.1576     2.0331     2.0337    25.6910    25.6925     8.8827     8.8517         25 0.0000e+00
       9012    375.476     14.500     2.0339   2.853808     2.0340   2.853974     2.5975      8.648     2.4574     0.3904      99.65     0.1211    97.0175 5.8013e+01     1.7386 1.6426e-03   47.54576  -52.58973      0.468     14.377    32.1558    32.1577     2.0332     2.0333    25.6911    25.6926     8.8985     8.8607         26 0.0000e+00
       9038    376.530     15.000     2.0327   2.853728     2.0325   2.853884     2.5984      8.647     2.4582     0.4269      99.65     0.1471    96.3879 5.5941e+01     1.8134 1.5252e-03   47.54576  -52.58974      0.472     14.873    32.1557    32.1578     2.0320     2.0318    25.6911    25.6928     8.9177     8.8624         24 0.0000e+00
       9060    377.443     15.500     2.0274   2.853320     2.0306   2.853777     2.5996      8.649     2.4589     0.4243      99.63     0.1352    96.6766 5.2945e+01     1.7373 1.8332e-03   47.54576  -52.58974      0.545     15.369    32.1558    32.1582     2.0267     2.0299    25.6915    25.6932     8.8966     8.8651         20 0.0000e+00
       9079    378.248     16.000     2.0289   2.853456     2.0300   2.853706     2.5986      8.648     2.4592     0.4120      99.63     0.1237    96.9551 5.0458e+01     1.6542 1.2224e-03   47.54576  -52.58974      0.615     15.865    32.1557    32.1576     2.0281     2.0292    25.6913    25.6928     8.8670     8.8627         19 0.0000e+00
       9098    379.031     16.500     2.0291   2.853503     2.0294   2.853680     2.5975      8.649     2.4593     0.4992      99.62     0.1263    96.8926 4.7972e+01     1.6476 1.4745e-03   47.54576  -52.58974      0.641     16.362    32.1557    32.1576     2.0283     2.0286    25.6914    25.6929     8.8800     8.8628         19 0.0000e+00
       9118    379.859     17.000     2.0304   2.853628     2.0298   2.853744     2.5981      8.649     2.4596     0.4496      93.44     0.1239    96.9510 4.5130e+01     1.6606 1.3399e-03   47.54576  -52.58974      0.613     16.861    32.1557    32.1578     2.0296     2.0290    25.6912    25.6929     8.9047     8.8645         21 0.0000e+00
       9142    380.862     17.500     2.0300   2.853623     2.0294   2.853716     2.5980      8.649     2.4597     0.5154      92.85     0.1205    97.0338 4.1563e+01     1.5529 1.5622e-03   47.54576  -52.58974      0.503     17.357    32.1557    32.1576     2.0292     2.0286    25.6913    25.6928     8.8757     8.8657         28 0.0000e+00
       9178    382.356     18.000     2.0308   2.853714     2.0303   2.853823     2.5958      8.649     2.4593     0.5510      98.88     0.1279    96.8527 3.8064e+01     1.1996 1.3113e-03   47.54576  -52.58974      0.313     17.849    32.1558    32.1577     2.0299     2.0294    25.6913    25.6928     8.8532     8.8505         44 0.0000e+00
       9218    384.037     18.500     2.0307   2.853735     2.0304   2.853867     2.5937      8.649     2.4575     0.5358      99.57     0.1235    96.9603 3.5646e+01     1.3216 1.2575e-03   47.54576  -52.58974      0.309     18.341    32.1559    32.1578     2.0298     2.0295    25.6914    25.6930     8.8557     8.8362         32 0.0000e+00
       9244    385.124     19.000     2.0287   2.853577     2.0287   2.853781     2.5929      8.648     2.4569     0.5877      99.54     0.1247    96.9313 3.4030e+01     1.3072 1.5393e-03   47.54576  -52.58976      0.469     18.838    32.1557    32.1580     2.0278     2.0278    25.6914    25.6932     8.8648     8.8455         23 0.0000e+00
       9265    385.999     19.500     2.0278   2.853509     2.0282   2.853675     2.5929      8.649     2.4564     0.6578      99.54     0.1213    97.0129 3.2546e+01     1.5241 1.4781e-03   47.54576  -52.58976      0.567     19.336    32.1555    32.1572     2.0269     2.0273    25.6913    25.6926     8.8675     8.8396         19 0.0000e+00
       9284    386.785     20.000     2.0295   2.853687     2.0295   2.853842     2.5923      8.650     2.4559     0.6060      99.54     0.1242    96.9430 3.1066e+01     1.1013 1.4926e-03   47.54576  -52.58976      0.632     19.830    32.1557    32.1576     2.0285     2.0285    25.6913    25.6929     8.8841     8.8384         18 0.0000e+00
       9302    387.535     20.500     2.0248   2.853316     2.0245   2.853580     2.5938      8.650     2.4555     0.5498      99.52     0.1278    96.8563 2.9467e+01     1.3951 1.4923e-03   47.54576  -52.58976      0.665     20.328    32.1557    32.1592     2.0238     2.0235    25.6916    25.6945     8.8969     8.8430         18 0.0000e+00
       9320    388.307     21.000     2.0193   2.852887     2.0115   2.852449     2.5937      8.650     2.4553     0.5617      92.00     0.1200    97.0451 2.7908e+01     1.1781 1.7078e-03   47.54576  -52.58976      0.657     20.826    32.1556    32.1581     2.0183     2.0105    25.6920    25.6946     8.8908     8.8530         20 0.0000e+00
       9342    389.205     21.500     2.0218   2.853040     2.0180   2.852796     2.5938      8.650     2.4555     0.6197      99.33     0.1259    96.9017 2.5977e+01     0.9355 1.0853e-03   47.54576  -52.58976      0.567     21.324    32.1553    32.1559     2.0208     2.0171    25.6916    25.6923     8.8196     8.8209         24 0.0000e+00
       9370    390.376     22.000     1.9981   2.851108     1.9967   2.851357     2.5860      8.649     2.4492     0.6569      98.92     0.1185    97.0802 2.4154e+01     1.4884 1.2559e-03   47.54576  -52.58976      0.418     21.815    32.1545    32.1590     1.9971     1.9957    25.6926    25.6964     8.7865     8.7461         32 0.0000e+00
       9401    391.660     22.500     1.9774   2.849427     1.9686   2.848952     2.5925      8.650     2.4461     0.6083      99.51     0.1316    96.7642 2.2590e+01     1.0647 1.6385e-03   47.54576  -52.58976      0.386     22.308    32.1543    32.1572     1.9763     1.9675    25.6940    25.6969     9.1997     8.8727         27 0.0000e+00
       9424    392.639     23.000     1.9303   2.845484     1.9317   2.845927     2.6111      8.648     2.4537     0.6159      99.49     0.1288    96.8322 2.1171e+01     0.9723 1.6280e-03   47.54576  -52.58976      0.511     22.802    32.1528    32.1569     1.9292     1.9306    25.6962    25.6993     9.3162     9.0051         21 0.0000e+00
       9443    393.435     23.500     1.8341   2.837706     1.8548   2.840979     2.6217      8.650     2.4605     0.6981      99.49     0.1196    97.0556 1.9879e+01     1.4635 1.5604e-03   47.54576  -52.58976      0.619     23.303    32.1534    32.1733     1.8330     1.8537    25.7033    25.7178     9.2359     8.9957         18 0.0000e+00
       9461    394.175     24.000     1.4139   2.804907     1.4216   2.809457     2.6251      8.651     2.4616     0.6667      99.49     0.1156    97.1510 1.8900e+01     1.1349 1.4935e-03   47.54576  -52.58976      0.675     23.797    32.1705    32.2202     1.4129     1.4206    25.7449    25.7843     9.2192     9.0510         18 0.0000e+00
       9480    394.949     24.500     1.0669   2.776878     1.0742   2.778631     2.6243      8.652     2.4616     0.7674      99.48     0.1233    96.9635 1.8033e+01     1.2693 1.4147e-03   47.54576  -52.58976      0.658     24.297    32.1717    32.1865     1.0659     1.0732    25.7676    25.7790     9.2241     9.1352         19 0.0000e+00
       9503    395.909     25.000     0.9530   2.767854     0.9630   2.769599     2.6218      8.649     2.4617     1.0363      93.56     0.1199    97.0461 1.7361e+01     1.4129 1.6501e-03   47.54576  -52.58976      0.531     24.795    32.1738    32.1858     0.9520     0.9620    25.7760    25.7851     9.2606     9.1782         28 0.0000e+00
