uat4805001.cnv
* Sea-Bird SBE 9 Data File:
* FileName = C:\data\ctd\at4805001.hdr
* Software Version Seasave V 7.26.7.121
* Temperature SN = 6493
* Conductivity SN = 5044
* Number of Bytes Per Scan = 40
* Number of Voltage Words = 5
* Number of Scans Averaged by the Deck Unit = 1
* NMEA Latitude = 47 32.75 N
* NMEA Longitude = 052 35.33 W
* NMEA UTC (Time) = May 04 2022  12:09:17
** Ship: ATLANTIS
** Cruise: AT4805
** Chief_Scientist: MARC RINGUETTE
** Organization: DFO BIO
** Area_of_Operation: LABRADOR SEA
** Cruise_Description: ATLANTIC ZONE OFF-SHELF MONITORING PROGRAM (AZOMP)
** Station: 001
** Operator: JJ
# nquan = 31
# nvalues = 325                         
# units = specified
# name 0 = scan: Scan Count
# name 1 = timeS: Time, Elapsed [seconds]
# name 2 = prDM: Pressure, Digiquartz [db]
# name 3 = t090C: Temperature [ITS-90, deg C]
# name 4 = c0S/m: Conductivity [S/m]
# name 5 = t190C: Temperature, 2 [ITS-90, deg C]
# name 6 = c1S/m: Conductivity, 2 [S/m]
# name 7 = sbeox0V: Oxygen raw, SBE 43 [V]
# name 8 = ph: pH
# name 9 = sbeox1V: Oxygen raw, SBE 43, 2 [V]
# name 10 = flECO-AFL: Fluorescence, WET Labs ECO-AFL/FL [mg/m^3]
# name 11 = altM: Altimeter [m]
# name 12 = CStarAt0: Beam Attenuation, WET Labs C-Star [1/m]
# name 13 = CStarTr0: Beam Transmission, WET Labs C-Star [%]
# name 14 = par/sat/log: PAR/Logarithmic, Satlantic
# name 15 = wetCDOM: Fluorescence, WET Labs CDOM [mg/m^3]
# name 16 = spar: SPAR, Biospherical/Licor
# name 17 = latitude: Latitude [deg]
# name 18 = longitude: Longitude [deg]
# name 19 = dz/dtM: Descent Rate [m/s]
# name 20 = depSM: Depth [salt water, m]
# name 21 = sal00: Salinity, Practical [PSU]
# name 22 = sal11: Salinity, Practical, 2 [PSU]
# name 23 = potemp090C: Potential Temperature [ITS-90, deg C]
# name 24 = potemp190C: Potential Temperature, 2 [ITS-90, deg C]
# name 25 = sigma-é00: Density [sigma-theta, kg/m^3]
# name 26 = sigma-é11: Density, 2 [sigma-theta, kg/m^3]
# name 27 = sbeox0ML/L: Oxygen, SBE 43 [ml/l], WS = 2
# name 28 = sbeox1ML/L: Oxygen, SBE 43, 2 [ml/l], WS = 2
# name 29 = nbin: number of scans per bin
# name 30 = flag: flag
# span 0 =      21077,      64254       
# span 1 =    878.161,   2677.227       
# span 2 =      5.500,    167.500       
# span 3 =    -1.0113,     2.1138       
# span 4 =   2.641586,   2.860042       
# span 5 =    -1.0137,     2.1146       
# span 6 =   2.641696,   2.860313       
# span 7 =     2.0181,     2.6278       
# span 8 =      8.384,      8.660       
# span 9 =     1.9172,     2.4859       
# span 10 =     0.1137,     4.9655      
# span 11 =       8.35,     103.60      
# span 12 =     0.0664,     0.6024      
# span 13 =    86.2284,    98.3545      
# span 14 = 1.0720e-01, 1.7233e+02      
# span 15 =    -0.2874,     1.8482      
# span 16 = 2.0660e-03, 3.5706e-03      
# span 17 =   47.54554,   47.54576      
# span 18 =  -52.58966,  -52.58582      
# span 19 =     -0.914,     -0.090      
# span 20 =      5.436,    166.034      
# span 21 =    32.1558,    33.1653      
# span 22 =    32.1578,    33.1669      
# span 23 =    -1.0134,     2.1135      
# span 24 =    -1.0159,     2.1142      
# span 25 =    25.6858,    26.6002      
# span 26 =    25.6870,    26.6015      
# span 27 =     6.7929,     9.4001      
# span 28 =     6.7786,     9.3261      
# span 29 =         13,         97      
# span 30 = 0.0000e+00, 0.0000e+00      
# interval = decibars: 0.5              
# start_time = May 04 2022 12:09:17 [NMEA time, header]
# bad_flag = -9.990e-29
*END*
[from data line 234]
      40800   1699.951     50.500    -0.0741   2.699176    -0.1130   2.696715     2.3728      8.494     2.2384     2.8682      97.15     0.2897    93.0140 1.5838e-01     1.0482 2.9023e-03   47.54564  -52.58775     -0.275     50.070    32.3420    32.3507    -0.0756    -0.1145    25.9642    25.9729     8.5029     8.4187         58 0.0000e+00
      41239   1718.257     50.000    -0.0604   2.699803    -0.0847   2.698286     2.3823      8.508     2.2532     2.9111      90.35     0.2863    93.0926 1.7161e-01     0.5568 3.0217e-03   47.54564  -52.58769     -0.191     49.574    32.3361    32.3405    -0.0619    -0.0862    25.9588    25.9634     8.5036     8.4865         74 0.0000e+00
      44766   1865.229     49.500     0.0049   2.704405     0.0009   2.704217     2.3950      8.524     2.2671     3.0390      97.03     0.2834    93.1606 1.9086e-01     0.8772 2.8316e-03   47.54560  -52.58727     -0.380     49.079    32.3279    32.3296     0.0033    -0.0006    25.9493    25.9508     8.5421     8.5160         35 0.0000e+00
      44926   1871.880     49.000     0.0054   2.704384     0.0041   2.704419     2.3944      8.522     2.2674     3.4179      99.83     0.2703    93.4652 2.1228e-01     0.8910 2.7681e-03   47.54560  -52.58724     -0.206     48.584    32.3274    32.3292     0.0039     0.0026    25.9488    25.9504     8.5538     8.5226         72 0.0000e+00
      44995   1874.751     48.500     0.0057   2.704385     0.0064   2.704626     2.3952      8.523     2.2676     3.5618      95.69     0.2729    93.4054 2.3851e-01     0.8448 3.0842e-03   47.54560  -52.58724     -0.200     48.091    32.3274    32.3298     0.0042     0.0049    25.9488    25.9507     8.5449     8.5222         51 0.0000e+00
      45035   1876.428     48.000     0.0052   2.704313     0.0034   2.704294     2.3942      8.522     2.2678     2.8675      87.56     0.2703    93.4647 2.6827e-01     0.8277 2.9141e-03   47.54560  -52.58723     -0.308     47.593    32.3273    32.3289     0.0037     0.0019    25.9488    25.9501     8.5491     8.5338         39 0.0000e+00
      45086   1878.531     47.500     0.0060   2.704375     0.0039   2.704315     2.3947      8.521     2.2688     3.4606      96.95     0.2798    93.2449 3.0561e-01     0.7558 3.0504e-03   47.54560  -52.58722     -0.210     47.098    32.3275    32.3289     0.0045     0.0024    25.9489    25.9501     8.5524     8.5292         62 0.0000e+00
      45140   1880.793     47.000     0.0065   2.704378     0.0064   2.704539     2.3938      8.520     2.2681     2.7942      94.92     0.2786    93.2716 3.4467e-01     0.6788 3.2228e-03   47.54560  -52.58722     -0.258     46.603    32.3273    32.3296     0.0050     0.0049    25.9487    25.9505     8.5327     8.5187         41 0.0000e+00
      45183   1882.570     46.500     0.0089   2.704463     0.0106   2.704686     2.3934      8.520     2.2676     2.9661      96.38     0.2875    93.0650 3.7186e-01     0.8342 3.1473e-03   47.54560  -52.58722     -0.260     46.105    32.3262    32.3274     0.0075     0.0091    25.9477    25.9486     8.5492     8.5160         54 0.0000e+00
      45245   1885.161     46.000     0.0084   2.704429     0.0109   2.704680     2.3944      8.520     2.2686     3.0578      94.77     0.2886    93.0407 4.0498e-01     0.8521 3.0153e-03   47.54560  -52.58720     -0.184     45.612    32.3266    32.3273     0.0070     0.0095    25.9480    25.9485     8.5637     8.5399         59 0.0000e+00
      45300   1887.440     45.500     0.0204   2.705247     0.0165   2.705003     2.3969      8.520     2.2709     3.1871      98.74     0.2779    93.2883 4.5286e-01     0.9823 3.1904e-03   47.54560  -52.58720     -0.214     45.115    32.3249    32.3259     0.0190     0.0151    25.9461    25.9471     8.5880     8.5522         57 0.0000e+00
      45350   1889.534     45.000     0.0395   2.706636     0.0372   2.706456     2.3992      8.520     2.2730     3.1241      98.83     0.2929    92.9400 5.0167e-01     0.9068 2.9011e-03   47.54560  -52.58719     -0.270     44.622    32.3228    32.3234     0.0385     0.0358    25.9436    25.9441     8.5768     8.5561         39 0.0000e+00
      45385   1890.985     44.500     0.0693   2.708791     0.0472   2.707259     2.4010      8.520     2.2744     3.4292      97.93     0.2952    92.8851 5.4419e-01     1.2514 2.9498e-03   47.54561  -52.58718     -0.350     44.122    32.3205    32.3237     0.0679     0.0458    25.9403    25.9439     8.5937     8.5560         36 0.0000e+00
      45438   1893.204     44.000     0.0645   2.708365     0.0446   2.707074     2.4044      8.521     2.2767     3.5103      97.08     0.3003    92.7682 6.0684e-01     0.6030 2.8433e-03   47.54561  -52.58718     -0.188     43.627    32.3201    32.3243     0.0631     0.0432    25.9402    25.9445     8.6204     8.5736         74 0.0000e+00
      45501   1895.813     43.500     0.0812   2.709705     0.0661   2.708678     2.4096      8.521     2.2803     3.3050      98.60     0.2932    92.9324 6.8880e-01     1.1753 2.9652e-03   47.54560  -52.58718     -0.253     43.134    32.3204    32.3229     0.0798     0.0647    25.9397    25.9424     8.6283     8.5918         40 0.0000e+00
      45540   1897.438     43.000     0.1326   2.713607     0.1308   2.713621     2.4106      8.521     2.2824     3.6089      94.22     0.3020    92.7295 7.9386e-01     0.7378 2.7166e-03   47.54562  -52.58717     -0.292     42.635    32.3177    32.3199     0.1312     0.1294    25.9351    25.9370     8.6044     8.5746         47 0.0000e+00
      45610   1900.365     42.500     0.1030   2.711224     0.1108   2.712135     2.4130      8.524     2.2851     3.2975      91.28     0.3089    92.5673 8.4530e-01     1.1093 3.1126e-03   47.54561  -52.58716     -0.128     42.142    32.3180    32.3217     0.1016     0.1094    25.9367    25.9393     8.6284     8.5877         72 0.0000e+00
      45655   1902.231     42.000     0.1281   2.713179     0.1191   2.712554     2.4155      8.524     2.2862     3.9857      96.60     0.3120    92.4970 8.8825e-01     0.9973 3.1857e-03   47.54560  -52.58716     -0.361     41.648    32.3174    32.3187     0.1267     0.1178    25.9351    25.9365     8.6396     8.5811         28 0.0000e+00
      45681   1903.326     41.500     0.1713   2.716403     0.1344   2.713690     2.4161      8.525     2.2864     3.0035      90.14     0.3232    92.2381 9.9534e-01     0.9643 3.0557e-03   47.54560  -52.58716     -0.456     41.146    32.3145    32.3178     0.1699     0.1331    25.9306    25.9351     8.5984     8.5781         28 0.0000e+00
      45755   1906.419     41.000     0.1461   2.714442     0.1188   2.712309     2.4171      8.526     2.2883     3.5159      97.52     0.3075    92.6016 1.1295e+00     0.7848 3.1407e-03   47.54561  -52.58715     -0.272     40.654    32.3156    32.3164     0.1448     0.1175    25.9328    25.9347     8.6123     8.5936         44 0.0000e+00
      45823   1909.249     40.500     0.1617   2.715575     0.1545   2.715075     2.4184      8.526     2.2900     3.3228      97.74     0.3122    92.4920 1.2364e+00     0.4375 2.7933e-03   47.54560  -52.58714     -0.416     40.155    32.3143    32.3153     0.1604     0.1532    25.9309    25.9321     8.6114     8.5879         28 0.0000e+00
      46359   1931.584     40.000     0.1808   2.716778     0.1725   2.716303     2.4209      8.529     2.2922     3.5166      91.59     0.3134    92.4639 1.3616e+00     1.0098 2.9595e-03   47.54560  -52.58707     -0.235     39.657    32.3102    32.3130     0.1795     0.1712    25.9268    25.9294     8.6145     8.5904         75 0.0000e+00
      48051   2002.079     39.500     0.2046   2.718271     0.2035   2.718337     2.4224      8.531     2.2934     3.2123      95.86     0.3253    92.1911 1.5004e+00     0.7409 3.0227e-03   47.54560  -52.58687     -0.282     39.168    32.3050    32.3069     0.2033     0.2023    25.9214    25.9230     8.6262     8.5942         38 0.0000e+00
      48038   2001.525     39.000     0.2032   2.718153     0.2023   2.718227     2.4215      8.532     2.2941     3.4420      97.63     0.3110    92.5204 1.7020e+00     0.9047 3.0041e-03   47.54560  -52.58688     -0.269     38.670    32.3052    32.3071     0.2019     0.2010    25.9217    25.9232     8.5996     8.5931         50 0.0000e+00
      48138   2005.711     38.500     0.2047   2.718219     0.2055   2.718398     2.4227      8.532     2.2968     3.5830      93.07     0.3130    92.4733 1.8547e+00     0.1124 2.8777e-03   47.54559  -52.58686     -0.372     38.180    32.3048    32.3063     0.2034     0.2042    25.9212    25.9224     8.6341     8.6142         25 0.0000e+00
      48158   2006.537     38.000     0.2205   2.719262     0.2150   2.718941     2.4232      8.532     2.2972     3.6433      99.39     0.3168    92.3858 2.0210e+00     1.5652 3.3119e-03   47.54558  -52.58686     -0.548     37.679    32.3021    32.3037     0.2192     0.2137    25.9183    25.9198     8.6143     8.6055         21 0.0000e+00
      48181   2007.503     37.500     0.2198   2.719160     0.2238   2.719422     2.4226      8.532     2.2974     3.5474      93.11     0.3192    92.3301 2.2310e+00     0.5213 2.8672e-03   47.54558  -52.58686     -0.525     37.180    32.3018    32.3010     0.2186     0.2226    25.9181    25.9172     8.5906     8.5985         27 0.0000e+00
      48236   2009.772     37.000     0.2175   2.719002     0.2243   2.719432     2.4230      8.533     2.2981     3.5299      98.92     0.3109    92.5225 2.5082e+00     0.8957 3.0791e-03   47.54559  -52.58685     -0.209     36.686    32.3024    32.3009     0.2163     0.2231    25.9187    25.9171     8.6258     8.6085         83 0.0000e+00
      48333   2013.825     36.500     0.2147   2.718791     0.2257   2.719460     2.4280      8.534     2.3022     3.5937      95.01     0.3088    92.5712 2.8440e+00     0.8899 2.9644e-03   47.54558  -52.58684     -0.148     36.194    32.3029    32.3000     0.2135     0.2245    25.9192    25.9164     8.7025     8.6595         61 0.0000e+00
      48367   2015.239     36.000     0.2424   2.720554     0.2540   2.721269     2.4326      8.538     2.3063     3.6993      99.63     0.3254    92.1884 3.1230e+00     0.5025 2.8483e-03   47.54558  -52.58684     -0.363     35.699    32.2970    32.2942     0.2412     0.2528    25.9131    25.9103     8.7147     8.6691         30 0.0000e+00
      48399   2016.577     35.500     0.2704   2.722293     0.2678   2.722183     2.4365      8.538     2.3087     3.6905      99.60     0.3479    91.6707 3.3839e+00     1.0504 2.9077e-03   47.54558  -52.58682     -0.366     35.198    32.2906    32.2920     0.2692     0.2666    25.9066    25.9078     8.7218     8.6725         39 0.0000e+00
      48459   2019.099     35.000     0.2590   2.721503     0.2576   2.721596     2.4436      8.542     2.3136     4.1681      99.58     0.3907    90.6945 3.7198e+00     0.7520 3.0855e-03   47.54558  -52.58682     -0.149     34.706    32.2926    32.2953     0.2578     0.2564    25.9088    25.9110     8.7717     8.7039         66 0.0000e+00
      48505   2021.012     34.500     0.2756   2.722204     0.2712   2.722177     2.4500      8.542     2.3187     3.8605      87.37     0.4022    90.4329 4.1542e+00     1.2780 3.0526e-03   47.54559  -52.58682     -0.318     34.209    32.2846    32.2889     0.2745     0.2700    25.9015    25.9052     8.7751     8.7291         36 0.0000e+00
      48550   2022.877     34.000     0.2847   2.721402     0.2899   2.721679     2.4540      8.546     2.3223     4.4121      96.56     0.6024    86.2284 4.4548e+00     1.0193 3.0631e-03   47.54558  -52.58682     -0.245     33.712    32.2649    32.2631     0.2836     0.2888    25.8851    25.8834     8.7966     8.7336         55 0.0000e+00
      48608   2025.312     33.500     0.2964   2.721713     0.2830   2.721529     2.4614      8.547     2.3279     4.7691      97.96     0.3966    90.5614 4.7075e+00     1.0152 2.8631e-03   47.54558  -52.58680     -0.202     33.218    32.2571    32.2687     0.2951     0.2819    25.8783    25.8883     8.8357     8.7705         58 0.0000e+00
      48662   2027.524     33.000     0.3585   2.725486     0.3252   2.723809     2.4672      8.547     2.3334     4.9655      95.98     0.3878    90.7607 5.1499e+00     1.1124 3.0677e-03   47.54558  -52.58680     -0.243     32.722    32.2412    32.2549     0.3574     0.3241    25.8624    25.8751     8.8341     8.7815         47 0.0000e+00
      48716   2029.788     32.500     0.3682   2.725963     0.3616   2.725914     2.4750      8.549     2.3379     3.9095      98.79     0.3840    90.8483 5.5854e+00     1.1204 3.0858e-03   47.54558  -52.58679     -0.193     32.225    32.2376    32.2441     0.3671     0.3605    25.8590    25.8646     8.8933     8.7896         70 0.0000e+00
      48781   2032.512     32.000     0.4078   2.728990     0.3542   2.725788     2.4853      8.556     2.3456     3.6750      99.58     0.3670    91.2397 5.9427e+00     0.7295 2.8418e-03   47.54558  -52.58678     -0.227     31.733    32.2358    32.2502     0.4067     0.3531    25.8556    25.8699     8.9047     8.8517         41 0.0000e+00
      48812   2033.773     31.500     0.4956   2.734911     0.4832   2.734201     2.4872      8.555     2.3492     2.9553      99.53     0.3065    92.6230 6.3599e+00     1.2152 3.0091e-03   47.54558  -52.58678     -0.403     31.236    32.2212    32.2249     0.4945     0.4821    25.8393    25.8429     8.8470     8.8065         28 0.0000e+00
      48845   2035.158     31.000     0.4678   2.732837     0.4372   2.730968     2.4890      8.563     2.3506     2.8307      94.99     0.2759    93.3353 6.7654e+00     0.7540 2.9209e-03   47.54558  -52.58678     -0.347     30.736    32.2236    32.2313     0.4667     0.4361    25.8427    25.8505     8.8782     8.8038         44 0.0000e+00
      48952   2039.612     30.500     0.4572   2.732136     0.4219   2.729726     2.4980      8.574     2.3547     3.1478      98.83     0.2547    93.8312 7.3205e+00     0.9058 3.1651e-03   47.54558  -52.58676     -0.105     30.243    32.2259    32.2314     0.4561     0.4209    25.8450    25.8513     8.9120     8.8261         97 0.0000e+00
      49722   2071.695     30.000     0.5834   2.740853     0.5494   2.738385     2.5381      8.595     2.3940     2.1700      97.85     0.2133    94.8088 8.0403e+00     0.8156 2.9255e-03   47.54558  -52.58667     -0.134     29.746    32.2071    32.2131     0.5823     0.5484    25.8233    25.8300     9.0282     8.9958         84 0.0000e+00
      51052   2127.120     29.500     0.6039   2.742262     0.6041   2.742423     2.5566      8.612     2.4236     1.6336      96.83     0.1635    95.9943 8.5763e+00     0.9310 3.1625e-03   47.54558  -52.58652     -0.245     29.252    32.2045    32.2064     0.6028     0.6030    25.8201    25.8216     9.1080     9.0977         46 0.0000e+00
      51074   2128.037     29.000     0.6040   2.742266     0.6052   2.742481     2.5582      8.612     2.4235     1.6573      92.01     0.2053    94.9974 8.9691e+00     0.8272 3.0315e-03   47.54558  -52.58652     -0.266     28.756    32.2048    32.2062     0.6030     0.6042    25.8203    25.8215     9.1540     9.0987         48 0.0000e+00
      51127   2130.250     28.500     0.6060   2.742389     0.6050   2.742451     2.5655      8.612     2.4263     1.7097      95.57     0.2163    94.7373 9.3781e+00     0.7271 3.1909e-03   47.54558  -52.58650     -0.216     28.262    32.2044    32.2065     0.6051     0.6041    25.8200    25.8217     9.2402     9.1433         48 0.0000e+00
      51162   2131.715     28.000     0.6308   2.744110     0.6316   2.744210     2.5706      8.612     2.4304     1.5429      99.40     0.1660    95.9348 1.0113e+01     0.2416 3.0059e-03   47.54558  -52.58650     -0.379     27.764    32.2011    32.2026     0.6298     0.6306    25.8159    25.8171     9.2016     9.1590         28 0.0000e+00
