uat4805001.cnv
* Sea-Bird SBE 9 Data File:
* FileName = C:\data\ctd\at4805001.hdr
* Software Version Seasave V 7.26.7.121
* Temperature SN = 6493
* Conductivity SN = 5044
* Number of Bytes Per Scan = 40
* Number of Voltage Words = 5
* Number of Scans Averaged by the Deck Unit = 1
* NMEA Latitude = 47 32.75 N
* NMEA Longitude = 052 35.33 W
* NMEA UTC (Time) = May 04 2022  12:09:17
** Ship: ATLANTIS
** Cruise: AT4805
** Chief_Scientist: MARC RINGUETTE
** Organization: DFO BIO
** Area_of_Operation: LABRADOR SEA
** Cruise_Description: ATLANTIC ZONE OFF-SHELF MONITORING PROGRAM (AZOMP)
** Station: 001
** Operator: JJ
# nquan = 31
# nvalues = 325                         
# units = specified
# name 0 = scan: Scan Count
# name 1 = timeS: Time, Elapsed [seconds]
# name 2 = prDM: Pressure, Digiquartz [db]
# name 3 = t090C: Temperature [ITS-90, deg C]
# name 4 = c0S/m: Conductivity [S/m]
# name 5 = t190C: Temperature, 2 [ITS-90, deg C]
# name 6 = c1S/m: Conductivity, 2 [S/m]
# name 7 = sbeox0V: Oxygen raw, SBE 43 [V]
# name 8 = ph: pH
# name 9 = sbeox1V: Oxygen raw, SBE 43, 2 [V]
# name 10 = flECO-AFL: Fluorescence, WET Labs ECO-AFL/FL [mg/m^3]
# name 11 = altM: Altimeter [m]
# name 12 = CStarAt0: Beam Attenuation, WET Labs C-Star [1/m]
# name 13 = CStarTr0: Beam Transmission, WET Labs C-Star [%]
# name 14 = par/sat/log: PAR/Logarithmic, Satlantic
# name 15 = wetCDOM: Fluorescence, WET Labs CDOM [mg/m^3]
# name 16 = spar: SPAR, Biospherical/Licor
# name 17 = latitude: Latitude [deg]
# name 18 = longitude: Longitude [deg]
# name 19 = dz/dtM: Descent Rate [m/s]
# name 20 = depSM: Depth [salt water, m]
# name 21 = sal00: Salinity, Practical [PSU]
# name 22 = sal11: Salinity, Practical, 2 [PSU]
# name 23 = potemp090C: Potential Temperature [ITS-90, deg C]
# name 24 = potemp190C: Potential Temperature, 2 [ITS-90, deg C]
# name 25 = sigma-é00: Density [sigma-theta, kg/m^3]
# name 26 = sigma-é11: Density, 2 [sigma-theta, kg/m^3]
# name 27 = sbeox0ML/L: Oxygen, SBE 43 [ml/l], WS = 2
# name 28 = sbeox1ML/L: Oxygen, SBE 43, 2 [ml/l], WS = 2
# name 29 = nbin: number of scans per bin
# name 30 = flag: flag
# span 0 =      21077,      64254       
# span 1 =    878.161,   2677.227       
# span 2 =      5.500,    167.500       
# span 3 =    -1.0113,     2.1138       
# span 4 =   2.641586,   2.860042       
# span 5 =    -1.0137,     2.1146       
# span 6 =   2.641696,   2.860313       
# span 7 =     2.0181,     2.6278       
# span 8 =      8.384,      8.660       
# span 9 =     1.9172,     2.4859       
# span 10 =     0.1137,     4.9655      
# span 11 =       8.35,     103.60      
# span 12 =     0.0664,     0.6024      
# span 13 =    86.2284,    98.3545      
# span 14 = 1.0720e-01, 1.7233e+02      
# span 15 =    -0.2874,     1.8482      
# span 16 = 2.0660e-03, 3.5706e-03      
# span 17 =   47.54554,   47.54576      
# span 18 =  -52.58966,  -52.58582      
# span 19 =     -0.914,     -0.090      
# span 20 =      5.436,    166.034      
# span 21 =    32.1558,    33.1653      
# span 22 =    32.1578,    33.1669      
# span 23 =    -1.0134,     2.1135      
# span 24 =    -1.0159,     2.1142      
# span 25 =    25.6858,    26.6002      
# span 26 =    25.6870,    26.6015      
# span 27 =     6.7929,     9.4001      
# span 28 =     6.7786,     9.3261      
# span 29 =         13,         97      
# span 30 = 0.0000e+00, 0.0000e+00      
# interval = decibars: 0.5              
# start_time = May 04 2022 12:09:17 [NMEA time, header]
# bad_flag = -9.990e-29
*END*
[from data line 94]
      28807   1200.268    120.500    -0.7328   2.678228    -0.7328   2.678713     2.2145      8.448     2.0964     0.1864      57.31     0.0694    98.2783 1.0750e-01     0.5191 2.3747e-03   47.54572  -52.58898     -0.644    119.458    32.7274    32.7339    -0.7360    -0.7360    26.3025    26.3077     8.0013     7.9617         18 0.0000e+00
      28828   1201.140    120.000    -0.7256   2.678604    -0.7255   2.679390     2.2156      8.448     2.0975     0.1802      57.83     0.0695    98.2780 1.0744e-01     0.6397 2.4385e-03   47.54572  -52.58898     -0.590    118.957    32.7249    32.7354    -0.7288    -0.7287    26.3002    26.3086     7.9880     7.9580         24 0.0000e+00
      28862   1202.557    119.500    -0.7224   2.679058    -0.7196   2.679984     2.2166      8.449     2.0994     0.2248      58.49     0.0695    98.2763 1.0733e-01     0.9144 2.3027e-03   47.54572  -52.58897     -0.325    118.469    32.7279    32.7373    -0.7256    -0.7227    26.3025    26.3099     8.0112     7.9693         43 0.0000e+00
      28901   1204.148    119.000    -0.7141   2.679999    -0.7185   2.679849     2.2189      8.448     2.1020     0.3312      58.88     0.0695    98.2769 1.0738e-01     1.2855 2.5359e-03   47.54572  -52.58896     -0.334    117.974    32.7315    32.7344    -0.7173    -0.7216    26.3051    26.3076     8.0270     7.9842         29 0.0000e+00
      28925   1205.179    118.500    -0.7160   2.677676    -0.7124   2.679105     2.2210      8.448     2.1035     0.1881      59.37     0.0695    98.2758 1.0735e-01     1.1558 2.6558e-03   47.54572  -52.58896     -0.490    117.479    32.7030    32.7183    -0.7191    -0.7155    26.2820    26.2944     8.0485     7.9854         23 0.0000e+00
      28949   1206.174    118.000    -0.7193   2.676965    -0.7182   2.677485     2.2229      8.449     2.1048     0.2230      59.93     0.0695    98.2759 1.0728e-01     0.8585 2.4927e-03   47.54572  -52.58896     -0.507    116.978    32.6973    32.7031    -0.7224    -0.7213    26.2776    26.2822     8.0477     7.9892         27 0.0000e+00
      28983   1207.569    117.500    -0.7186   2.677270    -0.7202   2.677649     2.2250      8.450     2.1060     0.2444      60.48     0.0701    98.2631 1.0726e-01     0.5960 2.5044e-03   47.54572  -52.58896     -0.338    116.485    32.7009    32.7078    -0.7217    -0.7233    26.2805    26.2861     8.0594     7.9893         39 0.0000e+00
      29024   1209.276    117.000    -0.7420   2.674624    -0.7205   2.677808     2.2269      8.449     2.1074     0.2622      61.04     0.0703    98.2582 1.0727e-01     0.3050 2.5520e-03   47.54572  -52.58896     -0.290    115.989    32.6909    32.7105    -0.7450    -0.7236    26.2732    26.2883     8.0415     7.9871         44 0.0000e+00
      29097   1212.329    116.500    -0.7480   2.674118    -0.7223   2.677955     2.2282      8.448     2.1068     0.2708      61.59     0.0703    98.2583 1.0726e-01     0.1425 2.5081e-03   47.54572  -52.58895     -0.143    115.494    32.6911    32.7148    -0.7512    -0.7252    26.2736    26.2918     8.0459     7.9760         74 0.0000e+00
      29173   1215.481    116.000    -0.7569   2.673016    -0.7476   2.674675     2.2291      8.448     2.1078     0.1918      61.98     0.0706    98.2508 1.0727e-01     0.1216 2.5343e-03   47.54572  -52.58894     -0.260    115.002    32.6860    32.6982    -0.7599    -0.7506    26.2698    26.2794     8.0386     8.0018         40 0.0000e+00
      29208   1216.974    115.500    -0.7853   2.670012    -0.7750   2.671367     2.2288      8.449     2.1085     0.1884      62.52     0.0706    98.2517 1.0722e-01     0.1222 2.4759e-03   47.54572  -52.58894     -0.333    114.502    32.6766    32.6837    -0.7883    -0.7780    26.2632    26.2686     8.0453     8.0075         37 0.0000e+00
      29249   1218.686    115.000    -0.7844   2.669876    -0.7741   2.671420     2.2278      8.448     2.1094     0.1452      63.10     0.0706    98.2515 1.0723e-01     0.3840 2.6373e-03   47.54572  -52.58894     -0.278    114.006    32.6742    32.6838    -0.7874    -0.7771    26.2612    26.2686     8.0220     8.0125         48 0.0000e+00
      29312   1221.312    114.500    -0.7799   2.670458    -0.7706   2.671730     2.2269      8.448     2.1104     0.4467      63.60     0.0706    98.2510 1.0721e-01     0.4290 2.3954e-03   47.54572  -52.58892     -0.167    113.514    32.6774    32.6844    -0.7828    -0.7736    26.2636    26.2690     8.0415     8.0072         67 0.0000e+00
      29373   1223.841    114.000    -0.7821   2.670009    -0.7676   2.672222     2.2279      8.448     2.1106     0.3012      64.13     0.0707    98.2496 1.0722e-01     0.0738 2.4850e-03   47.54572  -52.58892     -0.204    113.018    32.6749    32.6881    -0.7850    -0.7705    26.2617    26.2718     8.0482     8.0084         58 0.0000e+00
      29420   1225.772    113.500    -0.8007   2.667658    -0.7772   2.671371     2.2281      8.448     2.1111     0.3769      64.62     0.0706    98.2502 1.0721e-01     0.5525 2.5936e-03   47.54570  -52.58892     -0.304    112.524    32.6627    32.6859    -0.8036    -0.7799    26.2525    26.2704     8.0473     8.0089         33 0.0000e+00
      29451   1227.091    113.000    -0.8065   2.667118    -0.7972   2.668536     2.2286      8.448     2.1105     0.3216      65.14     0.0708    98.2470 1.0721e-01     0.7504 2.6687e-03   47.54570  -52.58892     -0.374    112.022    32.6620    32.6710    -0.8094    -0.8001    26.2521    26.2591     8.0603     8.0052         37 0.0000e+00
      29548   1231.115    112.500    -0.8018   2.667689    -0.7959   2.668694     2.2284      8.448     2.1093     0.2792      65.69     0.0712    98.2350 1.0721e-01     0.4172 2.6238e-03   47.54572  -52.58890     -0.149    111.532    32.6650    32.6721    -0.8047    -0.7988    26.2544    26.2599     8.0633     8.0062         59 0.0000e+00
      29597   1233.149    112.000    -0.8224   2.665423    -0.8178   2.666087     2.2307      8.448     2.1101     0.3186      66.23     0.0716    98.2251 1.0721e-01     0.4819 2.4757e-03   47.54570  -52.58890     -0.316    111.034    32.6563    32.6610    -0.8253    -0.8206    26.2481    26.2517     8.1012     8.0285         36 0.0000e+00
      29633   1234.666    111.500    -0.8388   2.663740    -0.8310   2.664938     2.2331      8.448     2.1115     0.2717      66.73     0.0716    98.2258 1.0721e-01     0.3889 2.5410e-03   47.54570  -52.58890     -0.329    110.540    32.6524    32.6600    -0.8416    -0.8338    26.2455    26.2514     8.1037     8.0519         37 0.0000e+00
      29672   1236.286    111.000    -0.8412   2.663548    -0.8639   2.661718     2.2329      8.448     2.1137     0.1898      67.19     0.0718    98.2209 1.0721e-01     0.1266 2.6152e-03   47.54570  -52.58890     -0.305    110.042    32.6527    32.6526    -0.8440    -0.8667    26.2458    26.2465     8.0613     8.0682         42 0.0000e+00
      29747   1239.436    110.500    -0.8465   2.663075    -0.8512   2.662666     2.2315      8.448     2.1152     0.3506      67.70     0.0721    98.2127 1.0721e-01     0.2671 2.6676e-03   47.54571  -52.58888     -0.158    109.548    32.6524    32.6519    -0.8493    -0.8540    26.2457    26.2455     8.0710     8.0556         70 0.0000e+00
      29843   1243.414    110.000    -0.8448   2.663129    -0.8636   2.661477     2.2334      8.448     2.1171     0.3203      68.24     0.0724    98.2058 1.0721e-01     0.2746 2.7057e-03   47.54570  -52.58888     -0.217    109.053    32.6516    32.6496    -0.8476    -0.8664    26.2450    26.2441     8.1147     8.0899         51 0.0000e+00
      29893   1245.507    109.500    -0.8898   2.658864    -0.9012   2.657940     2.2373      8.449     2.1200     0.2192      68.75     0.0725    98.2043 1.0721e-01    -0.0983 2.7703e-03   47.54570  -52.58887     -0.236    108.556    32.6430    32.6428    -0.8925    -0.9039    26.2396    26.2399     8.1431     8.1016         52 0.0000e+00
      29989   1249.489    109.000    -0.8793   2.659979    -0.8849   2.659607     2.2371      8.448     2.1210     0.2836      69.27     0.0727    98.1981 1.0721e-01    -0.1364 2.5617e-03   47.54570  -52.58886     -0.142    108.062    32.6469    32.6480    -0.8820    -0.8876    26.2424    26.2435     8.1075     8.0943         64 0.0000e+00
      30057   1252.321    108.500    -0.9102   2.656926    -0.9065   2.657601     2.2388      8.449     2.1224     0.3972      69.85     0.0727    98.2002 1.0721e-01     0.1120 2.6404e-03   47.54570  -52.58886     -0.348    107.567    32.6395    32.6446    -0.9129    -0.9092    26.2375    26.2415     8.1411     8.1150         31 0.0000e+00
      30089   1253.681    108.000    -0.9408   2.653918    -0.9207   2.656101     2.2406      8.449     2.1238     0.2826      70.26     0.0727    98.1994 1.0721e-01     0.3237 2.7382e-03   47.54570  -52.58886     -0.344    107.067    32.6323    32.6401    -0.9434    -0.9233    26.2327    26.2383     8.1649     8.1253         44 0.0000e+00
      30245   1260.152    107.500    -0.9125   2.656768    -0.9216   2.656038     2.2431      8.449     2.1232     0.2776      70.88     0.0728    98.1955 1.0721e-01     0.3719 2.2967e-03   47.54570  -52.58884     -0.269    106.577    32.6404    32.6404    -0.9151    -0.9242    26.2383    26.2386     8.1633     8.1099         38 0.0000e+00
      30282   1261.726    107.000    -0.9513   2.652797    -0.9327   2.654810     2.2438      8.449     2.1241     0.2471      71.36     0.0730    98.1922 1.0721e-01    -0.0813 2.7326e-03   47.54570  -52.58884     -0.420    106.079    32.6291    32.6361    -0.9539    -0.9350    26.2304    26.2355     8.1743     8.1266         29 0.0000e+00
      30316   1263.105    106.500    -0.9461   2.653244    -0.9427   2.653857     2.2457      8.450     2.1253     0.2668      71.90     0.0729    98.1938 1.0721e-01    -0.2242 2.6690e-03   47.54570  -52.58884     -0.353    105.582    32.6298    32.6344    -0.9487    -0.9452    26.2308    26.2344     8.1922     8.1397         38 0.0000e+00
      30388   1266.137    106.000    -0.9497   2.652844    -0.9642   2.651532     2.2467      8.450     2.1275     0.2486      72.47     0.0732    98.1852 1.0721e-01    -0.0527 2.6883e-03   47.54570  -52.58883     -0.272    105.086    32.6286    32.6265    -0.9523    -0.9665    26.2300    26.2287     8.1705     8.1601         45 0.0000e+00
      30520   1271.607    105.500    -0.9623   2.651397    -0.9603   2.651996     2.2458      8.450     2.1287     0.2534      72.82     0.0738    98.1709 1.0721e-01     1.0581 2.8681e-03   47.54570  -52.58881     -0.599    104.587    32.6230    32.6289    -0.9648    -0.9628    26.2258    26.2306     8.2128     8.1514         20 0.0000e+00
      30547   1272.731    105.000    -0.9647   2.651085    -0.9671   2.651129     2.2473      8.451     2.1290     0.2941      73.28     0.0738    98.1701 1.0721e-01     1.4630 2.5720e-03   47.54570  -52.58880     -0.464    104.092    32.6217    32.6248    -0.9672    -0.9696    26.2248    26.2275     8.1978     8.1514         38 0.0000e+00
      30674   1278.028    104.500    -0.9580   2.651950    -0.9588   2.651937     2.2503      8.451     2.1302     0.3134      73.91     0.0746    98.1523 1.0721e-01    -0.0603 2.4100e-03   47.54570  -52.58880     -0.164    103.604    32.6264    32.6271    -0.9605    -0.9613    26.2284    26.2290     8.1935     8.1507         52 0.0000e+00
      30753   1281.314    104.000    -0.9598   2.651540    -0.9603   2.651630     2.2504      8.450     2.1310     0.2935      74.42     0.0747    98.1505 1.0721e-01    -0.1665 2.6180e-03   47.54570  -52.58879     -0.198    103.105    32.6231    32.6249    -0.9623    -0.9628    26.2259    26.2273     8.1945     8.1566         61 0.0000e+00
      30851   1285.433    103.500    -0.9641   2.650943    -0.9632   2.651256     2.2498      8.450     2.1323     0.2634      74.80     0.0748    98.1474 1.0720e-01    -0.2041 2.6655e-03   47.54570  -52.58878     -0.302    102.613    32.6199    32.6232    -0.9666    -0.9657    26.2234    26.2260     8.1861     8.1693         33 0.0000e+00
      30880   1286.618    103.000    -0.9791   2.649043    -0.9733   2.649987     2.2503      8.450     2.1326     0.2561      75.34     0.0748    98.1475 1.0721e-01    -0.1260 2.4092e-03   47.54570  -52.58878     -0.402    102.112    32.6109    32.6173    -0.9816    -0.9758    26.2165    26.2216     8.2024     8.1623         32 0.0000e+00
      30965   1290.152    102.500    -0.9766   2.649342    -0.9725   2.650069     2.2504      8.450     2.1331     0.3552      75.85     0.0748    98.1475 1.0721e-01    -0.0281 2.6393e-03   47.54570  -52.58877     -0.234    101.619    32.6124    32.6179    -0.9790    -0.9749    26.2177    26.2220     8.1864     8.1660         52 0.0000e+00
      31052   1293.809    102.000    -0.9792   2.648971    -0.9759   2.649574     2.2523      8.451     2.1341     0.3692      76.41     0.0749    98.1441 1.0721e-01    -0.0773 2.5751e-03   47.54570  -52.58876     -0.228    101.122    32.6105    32.6151    -0.9816    -0.9783    26.2163    26.2199     8.2225     8.1748         57 0.0000e+00
      31160   1298.291    101.500    -0.9814   2.648680    -0.9795   2.649125     2.2541      8.451     2.1360     0.2973      76.87     0.0755    98.1290 1.0721e-01     0.0279 2.7015e-03   47.54570  -52.58876     -0.234    100.629    32.6093    32.6132    -0.9838    -0.9819    26.2153    26.2185     8.2080     8.1848         43 0.0000e+00
      31200   1299.949    101.000    -0.9925   2.647313    -0.9871   2.648153     2.2546      8.450     2.1361     0.3214      77.36     0.0757    98.1241 1.0721e-01     1.0769 2.6560e-03   47.54570  -52.58874     -0.283    100.131    32.6031    32.6086    -0.9949    -0.9895    26.2107    26.2150     8.2153     8.1808         46 0.0000e+00
      31279   1303.256    100.500    -0.9882   2.647815    -0.9822   2.648713     2.2542      8.451     2.1368     0.3701      77.92     0.0758    98.1215 1.0721e-01     1.3583 2.6180e-03   47.54570  -52.58874     -0.133     99.636    32.6055    32.6112    -0.9906    -0.9846    26.2125    26.2169     8.1923     8.1832         69 0.0000e+00
      31392   1307.946    100.000    -0.9930   2.647150    -0.9852   2.648313     2.2540      8.450     2.1364     0.3910      78.32     0.0761    98.1137 1.0721e-01     0.7849 2.6916e-03   47.54570  -52.58873     -0.247     99.139    32.6022    32.6093    -0.9955    -0.9876    26.2100    26.2155     8.1965     8.1731         53 0.0000e+00
      33469   1394.481     99.500    -0.9921   2.646360    -0.9927   2.646523     2.2563      8.450     2.1397     0.3500      78.29     0.0808    98.0003 1.0721e-01    -0.0183 2.7552e-03   47.54568  -52.58852     -0.302     98.641    32.5906    32.5935    -0.9944    -0.9950    26.2006    26.2029     8.2117     8.2037         63 0.0000e+00
      36213   1508.834     99.000    -0.9888   2.645966    -0.9894   2.646046     2.2586      8.451     2.1438     0.3270      78.21     0.0857    97.8819 1.0721e-01    -0.2874 2.6992e-03   47.54566  -52.58827     -0.274     98.153    32.5821    32.5838    -0.9911    -0.9917    26.1935    26.1949     8.2397     8.2205         37 0.0000e+00
      35919   1496.598     98.500    -0.9892   2.645968    -0.9896   2.646108     2.2597      8.451     2.1434     0.2439      78.60     0.0854    97.8883 1.0721e-01    -0.2478 3.2083e-03   47.54566  -52.58830     -0.540     97.661    32.5827    32.5852    -0.9915    -0.9919    26.1941    26.1961     8.2417     8.2154         18 0.0000e+00
      35933   1497.175     98.000    -0.9893   2.645948    -0.9898   2.646047     2.2596      8.451     2.1436     0.3534      79.12     0.0853    97.8922 1.0721e-01    -0.2478 2.6804e-03   47.54566  -52.58828     -0.714     97.163    32.5829    32.5848    -0.9916    -0.9921    26.1943    26.1958     8.2514     8.2209         15 0.0000e+00
