uat4805001.cnv
* Sea-Bird SBE 9 Data File:
* FileName = C:\data\ctd\at4805001.hdr
* Software Version Seasave V 7.26.7.121
* Temperature SN = 6493
* Conductivity SN = 5044
* Number of Bytes Per Scan = 40
* Number of Voltage Words = 5
* Number of Scans Averaged by the Deck Unit = 1
* NMEA Latitude = 47 32.75 N
* NMEA Longitude = 052 35.33 W
* NMEA UTC (Time) = May 04 2022  12:09:17
** Ship: ATLANTIS
** Cruise: AT4805
** Chief_Scientist: MARC RINGUETTE
** Organization: DFO BIO
** Area_of_Operation: LABRADOR SEA
** Cruise_Description: ATLANTIC ZONE OFF-SHELF MONITORING PROGRAM (AZOMP)
** Station: 001
** Operator: JJ
# nquan = 31
# nvalues = 325                         
# units = specified
# name 0 = scan: Scan Count
# name 1 = timeS: Time, Elapsed [seconds]
# name 2 = prDM: Pressure, Digiquartz [db]
# name 3 = t090C: Temperature [ITS-90, deg C]
# name 4 = c0S/m: Conductivity [S/m]
# name 5 = t190C: Temperature, 2 [ITS-90, deg C]
# name 6 = c1S/m: Conductivity, 2 [S/m]
# name 7 = sbeox0V: Oxygen raw, SBE 43 [V]
# name 8 = ph: pH
# name 9 = sbeox1V: Oxygen raw, SBE 43, 2 [V]
# name 10 = flECO-AFL: Fluorescence, WET Labs ECO-AFL/FL [mg/m^3]
# name 11 = altM: Altimeter [m]
# name 12 = CStarAt0: Beam Attenuation, WET Labs C-Star [1/m]
# name 13 = CStarTr0: Beam Transmission, WET Labs C-Star [%]
# name 14 = par/sat/log: PAR/Logarithmic, Satlantic
# name 15 = wetCDOM: Fluorescence, WET Labs CDOM [mg/m^3]
# name 16 = spar: SPAR, Biospherical/Licor
# name 17 = latitude: Latitude [deg]
# name 18 = longitude: Longitude [deg]
# name 19 = dz/dtM: Descent Rate [m/s]
# name 20 = depSM: Depth [salt water, m]
# name 21 = sal00: Salinity, Practical [PSU]
# name 22 = sal11: Salinity, Practical, 2 [PSU]
# name 23 = potemp090C: Potential Temperature [ITS-90, deg C]
# name 24 = potemp190C: Potential Temperature, 2 [ITS-90, deg C]
# name 25 = sigma-é00: Density [sigma-theta, kg/m^3]
# name 26 = sigma-é11: Density, 2 [sigma-theta, kg/m^3]
# name 27 = sbeox0ML/L: Oxygen, SBE 43 [ml/l], WS = 2
# name 28 = sbeox1ML/L: Oxygen, SBE 43, 2 [ml/l], WS = 2
# name 29 = nbin: number of scans per bin
# name 30 = flag: flag
# span 0 =      21077,      64254       
# span 1 =    878.161,   2677.227       
# span 2 =      5.500,    167.500       
# span 3 =    -1.0113,     2.1138       
# span 4 =   2.641586,   2.860042       
# span 5 =    -1.0137,     2.1146       
# span 6 =   2.641696,   2.860313       
# span 7 =     2.0181,     2.6278       
# span 8 =      8.384,      8.660       
# span 9 =     1.9172,     2.4859       
# span 10 =     0.1137,     4.9655      
# span 11 =       8.35,     103.60      
# span 12 =     0.0664,     0.6024      
# span 13 =    86.2284,    98.3545      
# span 14 = 1.0720e-01, 1.7233e+02      
# span 15 =    -0.2874,     1.8482      
# span 16 = 2.0660e-03, 3.5706e-03      
# span 17 =   47.54554,   47.54576      
# span 18 =  -52.58966,  -52.58582      
# span 19 =     -0.914,     -0.090      
# span 20 =      5.436,    166.034      
# span 21 =    32.1558,    33.1653      
# span 22 =    32.1578,    33.1669      
# span 23 =    -1.0134,     2.1135      
# span 24 =    -1.0159,     2.1142      
# span 25 =    25.6858,    26.6002      
# span 26 =    25.6870,    26.6015      
# span 27 =     6.7929,     9.4001      
# span 28 =     6.7786,     9.3261      
# span 29 =         13,         97      
# span 30 = 0.0000e+00, 0.0000e+00      
# interval = decibars: 0.5              
# start_time = May 04 2022 12:09:17 [NMEA time, header]
# bad_flag = -9.990e-29
*END*
[from data line 47]
      27669   1152.831    144.000     0.1326   2.771480     0.1318   2.771718     2.0959      8.409     1.9803     0.2899      33.06     0.0803    98.0111 1.0833e-01     0.3056 2.7015e-03   47.54572  -52.58908     -0.523    142.753    33.0187    33.0226     0.1277     0.1269    26.5006    26.5039     7.3913     7.2706         19 0.0000e+00
      27686   1153.559    143.500     0.0613   2.764019     0.0980   2.768807     2.0999      8.412     1.9851     0.2657      33.58     0.0710    98.2393 1.0833e-01     0.2960 2.4362e-03   47.54572  -52.58907     -0.672    142.255    32.9977    33.0211     0.0564     0.0931    26.4872    26.5043     7.3580     7.3176         17 0.0000e+00
      27704   1154.289    143.000     0.0608   2.763923     0.0327   2.761553     2.1013      8.414     1.9902     0.1826      34.28     0.0669    98.3405 1.0831e-01     0.3751 2.5700e-03   47.54572  -52.58906     -0.697    141.752    32.9973    32.9963     0.0559     0.0279    26.4869    26.4875     7.3611     7.3606         19 0.0000e+00
      27725   1155.162    142.500     0.0711   2.764908    -0.0098   2.757779     2.1058      8.415     1.9960     0.1590      34.82     0.0665    98.3531 1.0830e-01    -0.1004 2.4456e-03   47.54572  -52.58906     -0.586    141.258    32.9994    32.9926     0.0662    -0.0145    26.4881    26.4865     7.4441     7.3871         24 0.0000e+00
      27750   1156.229    142.000     0.0342   2.761918    -0.0818   2.750213     2.1131      8.416     2.0022     0.2367      35.29     0.0664    98.3545 1.0832e-01    -0.2335 2.3481e-03   47.54572  -52.58906     -0.460    140.767    33.0000    32.9707     0.0294    -0.0865    26.4904    26.4722     7.4993     7.4237         26 0.0000e+00
      27775   1157.266    141.500     0.0288   2.760934    -0.0945   2.748699     2.1201      8.419     2.0080     0.2482      35.87     0.0664    98.3534 1.0825e-01     0.0841 2.7130e-03   47.54572  -52.58906     -0.483    140.270    32.9932    32.9646     0.0241    -0.0991    26.4851    26.4679     7.5261     7.4457         23 0.0000e+00
      27798   1158.215    141.000    -0.1054   2.747220    -0.0914   2.748852     2.1256      8.420     2.0125     0.2279      36.37     0.0664    98.3534 1.0811e-01     0.1225 2.3867e-03   47.54572  -52.58906     -0.529    139.775    32.9572    32.9637    -0.1100    -0.0960    26.4623    26.4670     7.5416     7.4446         23 0.0000e+00
      27822   1159.215    140.500    -0.1248   2.745491    -0.1249   2.746022     2.1294      8.422     2.0157     0.2210      36.77     0.0666    98.3493 1.0803e-01     0.2812 2.7375e-03   47.54572  -52.58906     -0.500    139.279    32.9556    32.9627    -0.1293    -0.1295    26.4620    26.4677     7.5441     7.4505         25 0.0000e+00
      27848   1160.272    140.000    -0.1421   2.743650    -0.1426   2.744073     2.1341      8.424     2.0190     0.2779      37.39     0.0665    98.3515 1.0808e-01     0.2977 2.4887e-03   47.54572  -52.58906     -0.472    138.785    32.9501    32.9563    -0.1466    -0.1471    26.4583    26.4633     7.5858     7.4748         26 0.0000e+00
      27872   1161.306    139.500    -0.1452   2.743329    -0.1244   2.745716     2.1388      8.425     2.0225     0.2778      37.87     0.0666    98.3481 1.0801e-01     0.3837 2.6445e-03   47.54572  -52.58906     -0.484    138.286    32.9495    32.9587    -0.1497    -0.1289    26.4580    26.4644     7.5866     7.4832         24 0.0000e+00
      27898   1162.356    139.000    -0.1710   2.740736    -0.1498   2.743135     2.1424      8.426     2.0256     0.2520      38.41     0.0666    98.3495 1.0799e-01     0.8153 2.6298e-03   47.54572  -52.58906     -0.476    137.794    32.9434    32.9525    -0.1754    -0.1539    26.4542    26.4606     7.5932     7.5019         26 0.0000e+00
      27926   1163.523    138.500    -0.1827   2.739440    -0.1658   2.741762     2.1452      8.426     2.0291     0.2341      38.92     0.0666    98.3493 1.0795e-01     1.4925 2.4008e-03   47.54572  -52.58906     -0.425    137.295    32.9391    32.9516    -0.1871    -0.1702    26.4513    26.4606     7.5643     7.5167         30 0.0000e+00
      27954   1164.714    138.000    -0.1706   2.740352    -0.1511   2.742976     2.1464      8.426     2.0318     0.1960      39.37     0.0670    98.3394 1.0795e-01     1.6629 2.9714e-03   47.54572  -52.58905     -0.418    136.805    32.9384    32.9522    -0.1750    -0.1555    26.4501    26.4604     7.5557     7.5009         26 0.0000e+00
      27978   1165.691    137.500    -0.1570   2.741227    -0.1374   2.743512     2.1473      8.427     2.0324     0.1806      39.85     0.0673    98.3322 1.0795e-01     0.8761 2.5515e-03   47.54572  -52.58904     -0.515    136.309    32.9356    32.9447    -0.1614    -0.1418    26.4473    26.4538     7.5525     7.4891         22 0.0000e+00
      27999   1166.578    137.000    -0.1388   2.742577    -0.1189   2.744439     2.1483      8.428     2.0335     0.1812      40.37     0.0674    98.3287 1.0795e-01     0.3308 2.6161e-03   47.54572  -52.58904     -0.567    135.809    32.9341    32.9374    -0.1432    -0.1233    26.4453    26.4470     7.5529     7.4978         21 0.0000e+00
      28023   1167.583    136.500    -0.1162   2.744257    -0.0897   2.747529     2.1490      8.430     2.0346     0.1691      40.87     0.0673    98.3305 1.0796e-01     0.1653 2.6164e-03   47.54572  -52.58904     -0.502    135.312    32.9323    32.9470    -0.1206    -0.0941    26.4428    26.4534     7.5410     7.4961         28 0.0000e+00
      28056   1168.941    136.000    -0.1066   2.744953    -0.1111   2.745565     2.1491      8.430     2.0362     0.1693      41.46     0.0672    98.3344 1.0795e-01    -0.0667 2.7136e-03   47.54572  -52.58904     -0.350    134.821    32.9315    32.9440    -0.1110    -0.1153    26.4416    26.4520     7.5186     7.5045         36 0.0000e+00
      28088   1170.309    135.500    -0.0982   2.745571    -0.1175   2.744909     2.1491      8.430     2.0376     0.1550      41.98     0.0674    98.3295 1.0795e-01    -0.1209 2.2679e-03   47.54572  -52.58904     -0.378    134.325    32.9308    32.9429    -0.1026    -0.1219    26.4407    26.4514     7.5312     7.5119         29 0.0000e+00
      28114   1171.371    135.000    -0.0956   2.745974    -0.1015   2.746080     2.1495      8.430     2.0387     0.1558      42.44     0.0674    98.3287 1.0793e-01    -0.1245 2.3883e-03   47.54572  -52.58904     -0.474    133.834    32.9337    32.9414    -0.1000    -0.1059    26.4429    26.4495     7.5595     7.5252         22 0.0000e+00
      28135   1172.252    134.500    -0.1028   2.745309    -0.1098   2.744759     2.1518      8.430     2.0407     0.1292      42.87     0.0674    98.3287 1.0795e-01    -0.1244 2.7566e-03   47.54572  -52.58904     -0.562    133.333    32.9329    32.9332    -0.1071    -0.1141    26.4426    26.4432     7.6280     7.5480         20 0.0000e+00
      28153   1172.998    134.000    -0.1054   2.744152    -0.1138   2.743553     2.1552      8.430     2.0423     0.1232      43.32     0.0673    98.3320 1.0793e-01    -0.1086 2.5907e-03   47.54572  -52.58902     -0.651    132.844    32.9208    32.9218    -0.1097    -0.1181    26.4330    26.4342     7.6589     7.5511         16 0.0000e+00
      28168   1173.641    133.500    -0.1115   2.743652    -0.1216   2.742518     2.1579      8.431     2.0434     0.1902      43.90     0.0674    98.3287 1.0795e-01    -0.0018 2.7029e-03   47.54572  -52.58902     -0.751    132.342    32.9210    32.9168    -0.1158    -0.1259    26.4334    26.4305     7.6560     7.5524         14 0.0000e+00
      28183   1174.231    133.000    -0.1429   2.740196    -0.1515   2.739988     2.1598      8.431     2.0444     0.1731      44.48     0.0674    98.3287 1.0790e-01    -0.0011 2.4412e-03   47.54572  -52.58902     -0.831    131.849    32.9094    32.9159    -0.1471    -0.1557    26.4254    26.4311     7.6359     7.5562         14 0.0000e+00
      28197   1174.819    132.500    -0.1614   2.738223    -0.1711   2.736883     2.1605      8.431     2.0448     0.1452      45.00     0.0675    98.3270 1.0795e-01    -0.0011 2.5215e-03   47.54572  -52.58902     -0.862    131.349    32.9035    32.8962    -0.1656    -0.1753    26.4215    26.4161     7.6120     7.5603         15 0.0000e+00
      28213   1175.492    132.000    -0.2187   2.731990    -0.1698   2.737512     2.1607      8.431     2.0455     0.1504      45.53     0.0674    98.3286 1.0787e-01     0.0777 2.7055e-03   47.54572  -52.58902     -0.784    130.848    32.8830    32.9034    -0.2228    -0.1740    26.4075    26.4219     7.6299     7.5681         18 0.0000e+00
      28263   1177.564    131.500    -0.2197   2.731755    -0.1943   2.734558     2.1641      8.433     2.0490     0.1821      46.13     0.0676    98.3230 1.0771e-01     0.4197 2.5483e-03   47.54572  -52.58901     -0.439    130.354    32.8812    32.8910    -0.2238    -0.1984    26.4062    26.4129     7.6802     7.6021         33 0.0000e+00
      28339   1180.766    131.000    -0.2086   2.732959    -0.2128   2.732819     2.1686      8.434     2.0541     0.2115      46.52     0.0677    98.3210 1.0780e-01     0.9885 2.6608e-03   47.54572  -52.58900     -0.544    129.872    32.8855    32.8882    -0.2127    -0.2169    26.4091    26.4115     7.6932     7.6349         17 0.0000e+00
      28353   1181.327    130.500    -0.2180   2.732172    -0.2273   2.731457     2.1701      8.435     2.0557     0.1590      46.96     0.0675    98.3270 1.0768e-01     1.3641 2.5263e-03   47.54572  -52.58900     -0.743    129.374    32.8856    32.8861    -0.2221    -0.2314    26.4096    26.4104     7.7291     7.6671         14 0.0000e+00
      28366   1181.886    130.000    -0.2382   2.729950    -0.2810   2.726621     2.1724      8.436     2.0578     0.1616      47.54     0.0681    98.3125 1.0761e-01     1.3361 2.6318e-03   47.54572  -52.58900     -0.869    128.873    32.8782    32.8801    -0.2422    -0.2850    26.4045    26.4079     7.7618     7.7057         13 0.0000e+00
      28379   1182.432    129.500    -0.2699   2.726616    -0.3341   2.720385     2.1747      8.436     2.0602     0.1785      47.99     0.0681    98.3128 1.0761e-01     1.2389 2.9195e-03   47.54572  -52.58900     -0.914    128.381    32.8684    32.8548    -0.2739    -0.3380    26.3980    26.3898     7.7792     7.7445         13 0.0000e+00
      28393   1182.981    129.000    -0.3103   2.722478    -0.3355   2.720759     2.1769      8.437     2.0630     0.1929      48.48     0.0679    98.3176 1.0766e-01     1.2321 2.7904e-03   47.54572  -52.58900     -0.914    127.884    32.8573    32.8616    -0.3142    -0.3393    26.3907    26.3953     7.7926     7.7532         14 0.0000e+00
      28406   1183.542    128.500    -0.3350   2.719980    -0.4123   2.712981     2.1787      8.439     2.0653     0.2227      48.98     0.0680    98.3148 1.0758e-01     1.2606 2.0660e-03   47.54572  -52.58900     -0.902    127.384    32.8510    32.8415    -0.3388    -0.4149    26.3867    26.3823     7.7938     7.7658         13 0.0000e+00
      28420   1184.133    128.000    -0.3709   2.716168    -0.4324   2.710490     2.1809      8.441     2.0673     0.2033      49.52     0.0682    98.3096 1.0760e-01     1.0568 2.6944e-03   47.54572  -52.58900     -0.865    126.889    32.8393    32.8301    -0.3747    -0.4361    26.3788    26.3738     7.7901     7.7585         15 0.0000e+00
      28436   1184.779    127.500    -0.4035   2.712755    -0.4608   2.707658     2.1817      8.441     2.0681     0.2227      50.09     0.0684    98.3044 1.0758e-01     0.8659 2.7285e-03   47.54572  -52.58900     -0.803    126.391    32.8294    32.8233    -0.4072    -0.4645    26.3721    26.3696     7.7764     7.7464         17 0.0000e+00
      28455   1185.598    127.000    -0.4256   2.710401    -0.4540   2.707404     2.1826      8.441     2.0687     0.2184      50.65     0.0684    98.3059 1.0758e-01     0.7699 2.5540e-03   47.54572  -52.58900     -0.644    125.893    32.8226    32.8129    -0.4293    -0.4577    26.3675    26.3608     7.7800     7.7400         24 0.0000e+00
      28521   1188.339    126.500    -0.3983   2.714018    -0.4006   2.713355     2.1865      8.441     2.0708     0.1852      51.27     0.0685    98.3024 1.0758e-01     0.1306 2.4941e-03   47.54572  -52.58900     -0.215    125.411    32.8411    32.8349    -0.4020    -0.4044    26.3814    26.3764     7.8096     7.7378         42 0.0000e+00
      28571   1190.421    126.000    -0.4037   2.712892    -0.4675   2.707646     2.1919      8.441     2.0732     0.1560      51.65     0.0685    98.3028 1.0758e-01    -0.0051 2.5141e-03   47.54572  -52.58898     -0.527    124.914    32.8323    32.8312    -0.4074    -0.4711    26.3745    26.3762     7.8960     7.7902         17 0.0000e+00
      28587   1191.065    125.500    -0.5207   2.701494    -0.5190   2.701711     2.1950      8.442     2.0747     0.1798      52.21     0.0685    98.3028 1.0758e-01    -0.0011 2.8791e-03   47.54572  -52.58898     -0.710    124.416    32.8068    32.8080    -0.5242    -0.5226    26.3586    26.3595     7.9504     7.8288         14 0.0000e+00
      28601   1191.659    125.000    -0.5594   2.697569    -0.5126   2.702644     2.1978      8.443     2.0769     0.1597      52.77     0.0686    98.3009 1.0758e-01    -0.0011 2.5215e-03   47.54572  -52.58898     -0.834    123.921    32.7965    32.8138    -0.5629    -0.5161    26.3518    26.3639     7.9642     7.8569         14 0.0000e+00
      28616   1192.273    124.500    -0.5764   2.695793    -0.5833   2.696151     2.2003      8.445     2.0798     0.1137      53.17     0.0686    98.3012 1.0758e-01     0.0066 2.5948e-03   47.54572  -52.58898     -0.833    123.420    32.7915    32.8037    -0.5799    -0.5867    26.3484    26.3586     7.9500     7.8993         16 0.0000e+00
      28632   1192.955    124.000    -0.6087   2.692561    -0.6208   2.691733     2.2017      8.447     2.0829     0.1462      53.71     0.0685    98.3027 1.0758e-01     0.0058 2.6438e-03   47.54572  -52.58898     -0.758    122.922    32.7834    32.7854    -0.6121    -0.6242    26.3431    26.3452     7.9423     7.9240         18 0.0000e+00
      28652   1193.790    123.500    -0.6161   2.691679    -0.7017   2.683503     2.2037      8.447     2.0865     0.1650      54.32     0.0686    98.2994 1.0758e-01    -0.0009 2.8254e-03   47.54572  -52.58898     -0.616    122.429    32.7799    32.7628    -0.6195    -0.7050    26.3405    26.3299     7.9405     7.9384         22 0.0000e+00
      28678   1194.878    123.000    -0.6553   2.687672    -0.7164   2.681288     2.2049      8.447     2.0884     0.1839      54.85     0.0690    98.2909 1.0758e-01     0.0474 2.6085e-03   47.54572  -52.58898     -0.457    121.936    32.7689    32.7493    -0.6586    -0.7197    26.3332    26.3196     7.9292     7.9044         30 0.0000e+00
      28710   1196.196    122.500    -0.6550   2.687990    -0.6931   2.683374     2.2063      8.447     2.0892     0.1867      55.29     0.0689    98.2918 1.0758e-01     0.1919 2.5901e-03   47.54572  -52.58898     -0.370    121.442    32.7731    32.7519    -0.6583    -0.6962    26.3365    26.3208     7.9538     7.9031         33 0.0000e+00
      28743   1197.573    122.000    -0.7137   2.681463    -0.6170   2.691574     2.2088      8.448     2.0908     0.1873      55.93     0.0690    98.2889 1.0753e-01     0.3416 2.9015e-03   47.54572  -52.58898     -0.363    120.946    32.7493    32.7804    -0.7169    -0.6204    26.3195    26.3410     8.0041     7.9020         30 0.0000e+00
      28768   1198.646    121.500    -0.7195   2.680493    -0.6447   2.688858     2.2122      8.448     2.0931     0.2667      56.37     0.0694    98.2790 1.0756e-01     0.2657 2.7040e-03   47.54572  -52.58898     -0.471    120.454    32.7429    32.7741    -0.7227    -0.6479    26.3145    26.3370     8.0273     7.9339         23 0.0000e+00
