uat4805001.cnv
* Sea-Bird SBE 9 Data File:
* FileName = C:\data\ctd\at4805001.hdr
* Software Version Seasave V 7.26.7.121
* Temperature SN = 6493
* Conductivity SN = 5044
* Number of Bytes Per Scan = 40
* Number of Voltage Words = 5
* Number of Scans Averaged by the Deck Unit = 1
* NMEA Latitude = 47 32.75 N
* NMEA Longitude = 052 35.33 W
* NMEA UTC (Time) = May 04 2022  12:09:17
** Ship: ATLANTIS
** Cruise: AT4805
** Chief_Scientist: MARC RINGUETTE
** Organization: DFO BIO
** Area_of_Operation: LABRADOR SEA
** Cruise_Description: ATLANTIC ZONE OFF-SHELF MONITORING PROGRAM (AZOMP)
** Station: 001
** Operator: JJ
# nquan = 31
# nvalues = 325                         
# units = specified
# name 0 = scan: Scan Count
# name 1 = timeS: Time, Elapsed [seconds]
# name 2 = prDM: Pressure, Digiquartz [db]
# name 3 = t090C: Temperature [ITS-90, deg C]
# name 4 = c0S/m: Conductivity [S/m]
# name 5 = t190C: Temperature, 2 [ITS-90, deg C]
# name 6 = c1S/m: Conductivity, 2 [S/m]
# name 7 = sbeox0V: Oxygen raw, SBE 43 [V]
# name 8 = ph: pH
# name 9 = sbeox1V: Oxygen raw, SBE 43, 2 [V]
# name 10 = flECO-AFL: Fluorescence, WET Labs ECO-AFL/FL [mg/m^3]
# name 11 = altM: Altimeter [m]
# name 12 = CStarAt0: Beam Attenuation, WET Labs C-Star [1/m]
# name 13 = CStarTr0: Beam Transmission, WET Labs C-Star [%]
# name 14 = par/sat/log: PAR/Logarithmic, Satlantic
# name 15 = wetCDOM: Fluorescence, WET Labs CDOM [mg/m^3]
# name 16 = spar: SPAR, Biospherical/Licor
# name 17 = latitude: Latitude [deg]
# name 18 = longitude: Longitude [deg]
# name 19 = dz/dtM: Descent Rate [m/s]
# name 20 = depSM: Depth [salt water, m]
# name 21 = sal00: Salinity, Practical [PSU]
# name 22 = sal11: Salinity, Practical, 2 [PSU]
# name 23 = potemp090C: Potential Temperature [ITS-90, deg C]
# name 24 = potemp190C: Potential Temperature, 2 [ITS-90, deg C]
# name 25 = sigma-é00: Density [sigma-theta, kg/m^3]
# name 26 = sigma-é11: Density, 2 [sigma-theta, kg/m^3]
# name 27 = sbeox0ML/L: Oxygen, SBE 43 [ml/l], WS = 2
# name 28 = sbeox1ML/L: Oxygen, SBE 43, 2 [ml/l], WS = 2
# name 29 = nbin: number of scans per bin
# name 30 = flag: flag
# span 0 =      21077,      64254       
# span 1 =    878.161,   2677.227       
# span 2 =      5.500,    167.500       
# span 3 =    -1.0113,     2.1138       
# span 4 =   2.641586,   2.860042       
# span 5 =    -1.0137,     2.1146       
# span 6 =   2.641696,   2.860313       
# span 7 =     2.0181,     2.6278       
# span 8 =      8.384,      8.660       
# span 9 =     1.9172,     2.4859       
# span 10 =     0.1137,     4.9655      
# span 11 =       8.35,     103.60      
# span 12 =     0.0664,     0.6024      
# span 13 =    86.2284,    98.3545      
# span 14 = 1.0720e-01, 1.7233e+02      
# span 15 =    -0.2874,     1.8482      
# span 16 = 2.0660e-03, 3.5706e-03      
# span 17 =   47.54554,   47.54576      
# span 18 =  -52.58966,  -52.58582      
# span 19 =     -0.914,     -0.090      
# span 20 =      5.436,    166.034      
# span 21 =    32.1558,    33.1653      
# span 22 =    32.1578,    33.1669      
# span 23 =    -1.0134,     2.1135      
# span 24 =    -1.0159,     2.1142      
# span 25 =    25.6858,    26.6002      
# span 26 =    25.6870,    26.6015      
# span 27 =     6.7929,     9.4001      
# span 28 =     6.7786,     9.3261      
# span 29 =         13,         97      
# span 30 = 0.0000e+00, 0.0000e+00      
# interval = decibars: 0.5              
# start_time = May 04 2022 12:09:17 [NMEA time, header]
# bad_flag = -9.990e-29
*END*
[from data line 281]
      51247   2135.252     27.000     0.6410   2.744842     0.6416   2.745053     2.5747      8.616     2.4386     1.4637      99.48     0.1397    96.5672 1.1212e+01     1.4685 2.9898e-03   47.54558  -52.58650     -0.165     26.773    32.2006    32.2026     0.6400     0.6407    25.8151    25.8166     9.2233     9.1961         68 0.0000e+00
      51295   2137.258     26.500     0.6476   2.745329     0.6494   2.745537     2.5815      8.616     2.4440     1.3432      99.47     0.1569    96.1535 1.1679e+01     1.6437 3.0092e-03   47.54558  -52.58648     -0.347     26.281    32.2004    32.2011     0.6466     0.6484    25.8145    25.8149     9.2941     9.2149         28 0.0000e+00
      51321   2138.354     26.000     0.6975   2.749056     0.6887   2.748424     2.5856      8.619     2.4465     1.0810      94.67     0.1462    96.4111 1.2608e+01     1.5944 2.9070e-03   47.54558  -52.58648     -0.452     25.779    32.1968    32.1978     0.6965     0.6877    25.8089    25.8101     9.2684     9.2121         29 0.0000e+00
      51367   2140.232     25.500     0.6860   2.748176     0.6895   2.748529     2.5896      8.622     2.4502     1.2157      99.11     0.1386    96.5952 1.3546e+01     1.4225 3.1196e-03   47.54558  -52.58649     -0.229     25.285    32.1976    32.1986     0.6851     0.6886    25.8102    25.8107     9.2526     9.2190         64 0.0000e+00
      51419   2142.403     25.000     0.6781   2.747543     0.6846   2.748101     2.5916      8.624     2.4540     1.2757      99.47     0.1493    96.3375 1.4464e+01     1.4505 3.1977e-03   47.54557  -52.58648     -0.294     24.792    32.1980    32.1985     0.6772     0.6837    25.8109    25.8109     9.2714     9.2457         34 0.0000e+00
      51454   2143.890     24.500     0.7211   2.750865     0.7141   2.750347     2.5954      8.625     2.4572     1.2446      91.42     0.1470    96.3926 1.5189e+01     1.3678 3.2105e-03   47.54556  -52.58648     -0.314     24.291    32.1965    32.1973     0.7201     0.7133    25.8074    25.8084     9.3075     9.2525         46 0.0000e+00
      51511   2146.268     24.000     0.7179   2.750509     0.7019   2.749443     2.6046      8.628     2.4634     0.9957      96.00     0.1315    96.7662 1.5815e+01     1.3947 2.9885e-03   47.54558  -52.58648     -0.179     23.802    32.1954    32.1983     0.7170     0.7010    25.8066    25.8098     9.3865     9.3015         49 0.0000e+00
      51543   2147.577     23.500     0.7832   2.755688     0.7706   2.754473     2.6119      8.629     2.4678     1.1300      99.14     0.1305    96.7915 1.6993e+01     1.5418 3.0528e-03   47.54557  -52.58646     -0.416     23.304    32.1946    32.1919     0.7823     0.7697    25.8024    25.8009     9.4001     9.3042         26 0.0000e+00
      51570   2148.722     23.000     0.8256   2.758820     0.7873   2.755923     2.6158      8.632     2.4712     0.9713      98.94     0.1284    96.8410 1.8443e+01     1.4258 2.9427e-03   47.54556  -52.58646     -0.437     22.802    32.1910    32.1935     0.8247     0.7864    25.7971    25.8013     9.3562     9.3025         32 0.0000e+00
      51620   2150.787     22.500     0.8026   2.757113     0.7935   2.756398     2.6189      8.637     2.4758     1.0353      99.50     0.1230    96.9719 1.9446e+01     1.2286 3.0150e-03   47.54556  -52.58646     -0.199     22.311    32.1933    32.1935     0.8018     0.7927    25.8002    25.8009     9.3404     9.3059         64 0.0000e+00
      51670   2152.885     22.000     0.8136   2.757858     0.8104   2.757625     2.6225      8.636     2.4778     1.2106      88.04     0.1213    97.0138 2.0510e+01     1.4476 3.0531e-03   47.54556  -52.58646     -0.300     21.815    32.1917    32.1920     0.8128     0.8096    25.7984    25.7988     9.3857     9.2923         36 0.0000e+00
      51718   2154.882     21.500     0.8469   2.760557     0.8260   2.758919     2.6272      8.639     2.4806     1.0746      96.87     0.1225    96.9840 2.1949e+01     1.2364 2.9995e-03   47.54556  -52.58646     -0.215     21.318    32.1921    32.1927     0.8461     0.8252    25.7968    25.7985     9.3690     9.3261         66 0.0000e+00
      51779   2157.415     21.000     0.8974   2.764085     0.8171   2.758113     2.6272      8.639     2.4859     1.0931      99.59     0.1281    96.8480 2.3260e+01     1.2715 3.0549e-03   47.54556  -52.58644     -0.231     20.826    32.1852    32.1920     0.8966     0.8163    25.7884    25.7984     9.3004     9.3246         46 0.0000e+00
      51823   2159.238     20.500     0.9897   2.771440     0.9391   2.767471     2.6278      8.638     2.4858     1.1036      91.78     0.1218    97.0011 2.4698e+01     1.3675 3.0411e-03   47.54556  -52.58644     -0.262     20.326    32.1839    32.1858     0.9892     0.9383    25.7820    25.7864     9.3120     9.2870         51 0.0000e+00
      52483   2186.738     20.000     1.4361   2.806632     1.3390   2.799012     2.6137      8.645     2.4792     0.7641      97.88     0.1208    97.0255 2.6617e+01     1.3346 3.0975e-03   47.54556  -52.58637     -0.151     19.830    32.1712    32.1706     1.4353     1.3381    25.7434    25.7494     9.1414     9.1790         95 0.0000e+00
      55579   2315.739     19.500     1.9773   2.849475     1.9806   2.849908     2.5923      8.656     2.4525     0.5357      97.91     0.1186    97.0778 2.9444e+01     1.3554 2.9969e-03   47.54556  -52.58610     -0.259     19.336    32.1566    32.1587     1.9764     1.9798    25.6958    25.6972     8.8807     8.8429         44 0.0000e+00
      55629   2317.854     19.000     1.9817   2.849815     1.9841   2.850198     2.5921      8.656     2.4517     0.5481      97.21     0.1169    97.1193 2.9773e+01     1.3712 3.2193e-03   47.54554  -52.58608     -0.195     18.840    32.1567    32.1590     1.9808     1.9832    25.6956    25.6972     8.8779     8.8339         63 0.0000e+00
      55680   2319.968     18.500     1.9947   2.850915     1.9841   2.850152     2.5919      8.656     2.4519     0.6816      93.84     0.1225    96.9832 3.2251e+01     1.2457 2.9977e-03   47.54555  -52.58608     -0.289     18.345    32.1574    32.1587     1.9938     1.9832    25.6952    25.6970     8.8804     8.8479         37 0.0000e+00
      55716   2321.476     18.000     2.0092   2.852012     2.0030   2.851688     2.5922      8.656     2.4514     0.5606      97.10     0.1192    97.0649 3.5634e+01     1.3164 3.1325e-03   47.54556  -52.58608     -0.322     17.847    32.1566    32.1589     2.0084     2.0021    25.6935    25.6958     8.8919     8.8191         42 0.0000e+00
      55771   2323.763     17.500     2.0014   2.851395     2.0275   2.853729     2.5936      8.656     2.4492     0.6353      94.70     0.1095    97.3005 3.6819e+01     1.4562 3.1588e-03   47.54554  -52.58608     -0.189     17.354    32.1572    32.1597     2.0006     2.0267    25.6945    25.6947     8.8680     8.8020         58 0.0000e+00
      55817   2325.683     17.000     2.0468   2.855052     2.0434   2.855057     2.5913      8.655     2.4488     0.5314      97.67     0.1250    96.9231 3.7700e+01     1.2082 3.0505e-03   47.54554  -52.58608     -0.295     16.858    32.1568    32.1603     2.0460     2.0426    25.6909    25.6940     8.8360     8.8196         38 0.0000e+00
      55855   2327.266     16.500     2.0583   2.855976     2.0613   2.856572     2.5896      8.655     2.4495     0.4814      99.50     0.1268    96.8803 4.1177e+01     1.2919 2.8953e-03   47.54555  -52.58608     -0.313     16.361    32.1569    32.1611     2.0575     2.0605    25.6902    25.6934     8.8327     8.8061         41 0.0000e+00
      55909   2329.516     16.000     2.0516   2.855310     2.0822   2.858128     2.5889      8.655     2.4490     0.5363      99.60     0.1201    97.0438 4.4581e+01     1.3261 2.9752e-03   47.54554  -52.58608     -0.193     15.866    32.1558    32.1596     2.0507     2.0814    25.6898    25.6906     8.8591     8.7975         62 0.0000e+00
      55961   2331.668     15.500     2.0584   2.856156     2.0692   2.857076     2.5917      8.655     2.4502     0.4737      89.13     0.1134    97.2051 4.5617e+01     1.5214 3.1806e-03   47.54554  -52.58608     -0.271     15.371    32.1595    32.1600     2.0576     2.0685    25.6923    25.6919     8.8709     8.8254         40 0.0000e+00
      55996   2333.133     15.000     2.0785   2.857635     2.0816   2.858007     2.5919      8.655     2.4517     0.5317      98.57     0.1143    97.1832 4.8032e+01     1.3602 2.9724e-03   47.54554  -52.58608     -0.352     14.875    32.1579    32.1593     2.0778     2.0809    25.6895    25.6904     8.8547     8.8195         32 0.0000e+00
      56027   2334.416     14.500     2.0836   2.858045     2.0724   2.857161     2.5915      8.656     2.4519     0.4531      99.61     0.1219    96.9990 5.2733e+01     1.4567 3.1714e-03   47.54554  -52.58608     -0.395     14.378    32.1579    32.1582     2.0829     2.0717    25.6891    25.6902     8.8311     8.8169         30 0.0000e+00
      56072   2336.293     14.000     2.0812   2.857811     2.0801   2.857795     2.5908      8.655     2.4535     0.4674      99.66     0.1255    96.9109 5.6789e+01     1.4087 3.0174e-03   47.54554  -52.58608     -0.247     13.880    32.1579    32.1586     2.0805     2.0795    25.6893    25.6899     8.8403     8.8316         59 0.0000e+00
      56149   2339.494     13.500     2.0763   2.857369     2.0873   2.858353     2.5894      8.655     2.4560     0.4722      89.53     0.1278    96.8544 5.8889e+01     1.5641 3.0880e-03   47.54554  -52.58606     -0.210     13.391    32.1574    32.1585     2.0757     2.0867    25.6893    25.6894     8.8270     8.8197         42 0.0000e+00
      56180   2340.809     13.000     2.0815   2.857742     2.0885   2.858485     2.5891      8.655     2.4555     0.4125      98.29     0.1231    96.9698 6.1997e+01     1.4103 2.9138e-03   47.54554  -52.58606     -0.366     12.889    32.1571    32.1592     2.0809     2.0879    25.6887    25.6898     8.8370     8.8280         34 0.0000e+00
      56229   2342.823     12.500     2.0851   2.858014     2.0866   2.858278     2.5894      8.655     2.4556     0.4335      99.67     0.1245    96.9351 6.6999e+01     1.3587 3.1904e-03   47.54554  -52.58606     -0.217     12.395    32.1571    32.1589     2.0845     2.0860    25.6884    25.6897     8.8368     8.8182         63 0.0000e+00
      56287   2345.251     12.000     2.0866   2.858119     2.0860   2.858219     2.5897      8.656     2.4546     0.4617      97.88     0.1277    96.8575 7.0573e+01     1.3474 3.2837e-03   47.54554  -52.58606     -0.228     11.902    32.1572    32.1590     2.0860     2.0854    25.6883    25.6898     8.8455     8.8117         48 0.0000e+00
      56331   2347.095     11.500     2.0956   2.858858     2.0941   2.858816     2.5908      8.656     2.4538     0.4460      90.15     0.1322    96.7478 7.5980e+01     0.9748 3.2030e-03   47.54554  -52.58606     -0.276     11.402    32.1574    32.1584     2.0951     2.0936    25.6879    25.6888     8.8471     8.8079         45 0.0000e+00
      56427   2351.083     11.000     2.0972   2.858920     2.0936   2.858746     2.5898      8.656     2.4550     0.3712      99.28     0.1258    96.9029 8.1438e+01     1.4202 2.9145e-03   47.54554  -52.58605     -0.145     10.909    32.1569    32.1584     2.0967     2.0931    25.6873    25.6888     8.8303     8.8271         65 0.0000e+00
      56500   2354.116     10.500     2.0992   2.859054     2.0977   2.859094     2.5903      8.656     2.4570     0.2912      99.52     0.1347    96.6902 8.6246e+01     0.7061 3.3354e-03   47.54554  -52.58604     -0.357     10.414    32.1568    32.1588     2.0987     2.0972    25.6872    25.6888     8.8308     8.8363         29 0.0000e+00
      57375   2390.590     10.000     2.1041   2.859444     2.1036   2.859543     2.5892      8.657     2.4562     0.2506      90.95     0.1285    96.8399 8.9110e+01     0.3454 3.0250e-03   47.54555  -52.58601     -0.275      9.912    32.1569    32.1586     2.1036     2.1031    25.6869    25.6882     8.8258     8.8230         67 0.0000e+00
      58972   2457.132      9.500     2.1089   2.859821     2.1085   2.859904     2.5888      8.659     2.4577     0.2741      98.83     0.1260    96.8998 9.6302e+01     1.0391 3.1303e-03   47.54556  -52.58596     -0.230      9.420    32.1570    32.1585     2.1084     2.1080    25.6865    25.6878     8.8225     8.8228         53 0.0000e+00
      59081   2461.653      9.000     2.1099   2.859884     2.1092   2.859931     2.5908      8.659     2.4574     0.2294      97.49     0.1239    96.9510 1.0165e+02     1.0746 3.0344e-03   47.54556  -52.58596     -0.132      8.926    32.1570    32.1584     2.1095     2.1088    25.6865    25.6876     8.8512     8.8264         88 0.0000e+00
      59148   2464.472      8.500     2.1109   2.859936     2.1114   2.860089     2.5911      8.658     2.4579     0.2268      94.08     0.1227    96.9809 1.1001e+02     0.7782 3.0626e-03   47.54556  -52.58594     -0.213      8.428    32.1569    32.1584     2.1105     2.1110    25.6863    25.6875     8.8119     8.8176         57 0.0000e+00
      59217   2467.318      8.000     2.1115   2.859953     2.1130   2.860194     2.5869      8.660     2.4574     0.2206     100.33     0.1224    96.9844 1.2030e+02     0.5336 3.2790e-03   47.54556  -52.58594     -0.164      7.934    32.1568    32.1583     2.1111     2.1126    25.6862    25.6873     8.7920     8.8222         64 0.0000e+00
      59267   2469.401      7.500     2.1121   2.860000     2.1146   2.860313     2.5867      8.659     2.4581     0.2062      99.85     0.1223    96.9885 1.2558e+02     0.2112 3.1700e-03   47.54556  -52.58594     -0.257      7.437    32.1570    32.1584     2.1117     2.1142    25.6863    25.6873     8.8228     8.8213         47 0.0000e+00
      59310   2471.199      7.000     2.1131   2.860042     2.1135   2.860217     2.5882      8.659     2.4580     0.1713      86.35     0.1169    97.1185 1.3862e+02     0.3170 3.0656e-03   47.54556  -52.58595     -0.296      6.945    32.1569    32.1586     2.1128     2.1132    25.6861    25.6875     8.8346     8.8217         35 0.0000e+00
      59355   2473.073      6.500     2.1127   2.859985     2.1128   2.860126     2.5890      8.660     2.4579     0.1838      96.73     0.1238    96.9534 1.5139e+02     0.3787 3.0082e-03   47.54556  -52.58594     -0.362      6.442    32.1568    32.1585     2.1124     2.1125    25.6861    25.6875     8.8284     8.8243         39 0.0000e+00
      59796   2491.460      6.000     2.1131   2.859990     2.1134   2.860149     2.5907      8.660     2.4589     0.1965      95.23     0.1211    97.0171 1.6470e+02     0.7425 3.0284e-03   47.54556  -52.58594     -0.309      5.946    32.1568    32.1584     2.1128     2.1131    25.6861    25.6873     8.8143     8.8241         56 0.0000e+00
      64254   2677.227      5.500     2.1138   2.860007     2.1120   2.859960     2.5923      8.659     2.4572     0.2224     103.60     0.1133    97.2069 1.7233e+02     0.5784 3.5706e-03   47.54556  -52.58582     -0.416      5.436    32.1565    32.1578     2.1135     2.1117    25.6858    25.6870     8.8109     8.8164         15 0.0000e+00
