docs/notebooks/Dat4805179.CNV
* Sea-Bird SBE 9 Data File:
* FileName = C:\data\ctd\at4805179.hdr
* Software Version Seasave V 7.26.7.121
* Temperature SN = 6493
* Conductivity SN = 5044
* Number of Bytes Per Scan = 40
* Number of Voltage Words = 5
* Number of Scans Averaged by the Deck Unit = 1
* NMEA Latitude = 54 29.38 N
* NMEA Longitude = 054 44.95 W
* NMEA UTC (Time) = May 20 2022  10:50:44
** Ship: ATLANTIS
** Cruise: AT4805
** Chief_Scientist: MARC RINGUETTE
** Organization: DFO BIO
** Area_of_Operation: LABRADOR SEA
** Cruise_Description: ATLANTIC ZONE OFF-SHELF MONITORING PROGRAM (AZOMP)
** Station_Name: AR7W_05
** Event_Number:  179
** Sounding:  204
** Event_Comments: AR7W_05, 493143
# nquan = 28
# nvalues = 187                         
# units = specified
# name 0 = scan: Scan Count
# name 1 = timeS: Time, Elapsed [seconds]
# name 2 = prDM: Pressure, Digiquartz [db]
# name 3 = t090C: Temperature [ITS-90, deg C]
# name 4 = c0S/m: Conductivity [S/m]
# name 5 = t190C: Temperature, 2 [ITS-90, deg C]
# name 6 = c1S/m: Conductivity, 2 [S/m]
# name 7 = sbeox0V: Oxygen raw, SBE 43 [V]
# name 8 = ph: pH
# name 9 = sbeox1V: Oxygen raw, SBE 43, 2 [V]
# name 10 = flECO-AFL: Fluorescence, WET Labs ECO-AFL/FL [mg/m^3]
# name 11 = altM: Altimeter [m]
# name 12 = CStarAt0: Beam Attenuation, WET Labs C-Star [1/m]
# name 13 = par/log: PAR/Logarithmic, Satlantic [umol photons/m2/s]
# name 14 = wetCDOM: Fluorescence, WET Labs CDOM [mg/m^3]
# name 15 = spar: SPAR/Surface Irradiance
# name 16 = latitude: Latitude [deg]
# name 17 = longitude: Longitude [deg]
# name 18 = sal00: Salinity, Practical [PSU]
# name 19 = sal11: Salinity, Practical, 2 [PSU]
# name 20 = potemp090C: Potential Temperature [ITS-90, deg C]
# name 21 = potemp190C: Potential Temperature, 2 [ITS-90, deg C]
# name 22 = sigma-é00: Density [sigma-theta, kg/m^3]
# name 23 = sigma-é11: Density, 2 [sigma-theta, kg/m^3]
# name 24 = sbeox0ML/L: Oxygen, SBE 43 [ml/l], WS = 2
# name 25 = sbeox1ML/L: Oxygen, SBE 43, 2 [ml/l], WS = 2
# name 26 = nbin: number of scans per bin
# name 27 = flag: flag
# span 0 =       4694,      17010       
# span 1 =    195.556,    708.700       
# span 2 =      2.000,    188.000       
# span 3 =    -0.5533,     3.1408       
# span 4 =   2.668065,   3.152332       
# span 5 =    -0.5581,     3.1403       
# span 6 =   2.668068,   3.152223       
# span 7 =     2.1137,     2.6176       
# span 8 =      8.040,      8.264       
# span 9 =     1.9936,     2.4550       
# span 10 =     0.0115,     6.7151      
# span 11 =      10.36,     101.93      
# span 12 =     0.0654,     0.5506      
# span 13 = 1.0719e-01, 3.8404e+02      
# span 14 =     0.0038,     1.7368      
# span 15 = 2.0933e+00, 3.7583e+00      
# span 16 =   54.48974,   54.49004      
# span 17 =  -54.74900,  -54.74865      
# span 18 =    32.4671,    34.5757      
# span 19 =    32.4679,    34.5750      
# span 20 =    -0.5534,     3.1291      
# span 21 =    -0.5584,     3.1293      
# span 22 =    26.0850,    27.5345      
# span 23 =    26.0857,    27.5341      
# span 24 =     6.6492,     9.6697      
# span 25 =     6.5689,     9.5344      
# span 26 =         17,        133      
# span 27 = 0.0000e+00, 0.0000e+00      
# interval = decibars: 1                
# start_time = May 20 2022 10:50:44 [NMEA time, header]
# bad_flag = -9.990e-29
*END*
[from data line 52]
       8494    353.867     54.000    -0.1857   2.758904    -0.1855   2.758934     2.4217      8.152     2.2755     3.9565     100.00     0.3416 1.0813e-01     0.4342 2.7358e+00   54.48986  -54.74888    33.2506    33.2509    -0.1874    -0.1872    26.7029    26.7031     8.6699     8.5569         39 0.0000e+00
       8523    355.092     55.000    -0.1910   2.759629    -0.1910   2.759655     2.4215      8.151     2.2748     2.9672      86.60     0.3519 1.0799e-01     0.8234 2.8162e+00   54.48986  -54.74888    33.2655    33.2658    -0.1928    -0.1927    26.7152    26.7154     8.6604     8.5416         27 0.0000e+00
       8571    357.066     56.000    -0.1940   2.759690    -0.1943   2.759694     2.4195      8.150     2.2726     2.7804      96.85     0.3392 1.0799e-01     0.6767 2.6160e+00   54.48986  -54.74887    33.2689    33.2694    -0.1957    -0.1961    26.7181    26.7185     8.6394     8.5357         78 0.0000e+00
       8648    360.301     57.000    -0.1895   2.759946    -0.1871   2.760514     2.4146      8.150     2.2696     3.0746     100.13     0.3180 1.0811e-01     0.6054 2.5135e+00   54.48986  -54.74888    33.2669    33.2718    -0.1913    -0.1889    26.7162    26.7201     8.6049     8.5119         40 0.0000e+00
       8677    361.507     58.000    -0.1702   2.762894    -0.1695   2.762962     2.4130      8.148     2.2682     2.7916     100.00     0.3172 1.0809e-01     0.8474 2.5338e+00   54.48986  -54.74886    33.2844    33.2844    -0.1721    -0.1713    26.7294    26.7294     8.6166     8.5114         30 0.0000e+00
       8716    363.122     59.000    -0.1497   2.765658    -0.1388   2.766710     2.4122      8.146     2.2670     2.7572      91.43     0.3206 1.0799e-01     0.7083 2.5659e+00   54.48986  -54.74886    33.2980    33.3001    -0.1515    -0.1407    26.7395    26.7407     8.5985     8.4967         53 0.0000e+00
       8780    365.779     60.000    -0.1202   2.769007    -0.1113   2.769937     2.4011      8.146     2.2600     2.6363     100.51     0.3048 1.0808e-01     0.9070 2.7166e+00   54.48986  -54.74886    33.3097    33.3123    -0.1222    -0.1133    26.7476    26.7493     8.3554     8.3611         62 0.0000e+00
       8831    367.936     61.000    -0.1040   2.771054    -0.0996   2.771487     2.3789      8.146     2.2426     2.2560     100.00     0.2955 1.0808e-01     0.6605 2.3843e+00   54.48986  -54.74886    33.3185    33.3195    -0.1060    -0.1016    26.7539    26.7545     8.2407     8.2352         49 0.0000e+00
       8878    369.892     62.000    -0.0877   2.773424    -0.0867   2.773420     2.3654      8.145     2.2289     2.2926      90.53     0.2892 1.0804e-01     0.4559 2.5936e+00   54.48986  -54.74886    33.3315    33.3303    -0.0897    -0.0887    26.7637    26.7626     8.2975     8.2198         41 0.0000e+00
       8913    371.339     63.000    -0.0640   2.778409    -0.0638   2.778246     2.3616      8.140     2.2230     2.0093      95.91     0.2940 1.0796e-01     1.0274 2.5090e+00   54.48986  -54.74886    33.3711    33.3688    -0.0661    -0.0657    26.7945    26.7926     8.3336     8.2145         31 0.0000e+00
       8948    372.809     64.000    -0.0673   2.778880    -0.0677   2.778952     2.3591      8.130     2.2183     1.6654      99.66     0.2613 1.0812e-01     0.8860 2.6238e+00   54.48987  -54.74886    33.3803    33.3817    -0.0694    -0.0698    26.8021    26.8033     8.2919     8.1986         45 0.0000e+00
       9041    376.686     65.000    -0.0733   2.778055    -0.0757   2.777966     2.3330      8.125     2.1984     1.7940      95.64     0.2146 1.0799e-01     0.4545 2.6880e+00   54.48988  -54.74886    33.3753    33.3768    -0.0754    -0.0778    26.7983    26.7996     8.0507     8.0491         97 0.0000e+00
       9095    378.911     66.000    -0.0901   2.777202    -0.0900   2.777308     2.3190      8.121     2.1857     1.6703      99.86     0.2307 1.0806e-01     0.6575 2.5570e+00   54.48986  -54.74886    33.3819    33.3832    -0.0923    -0.0922    26.8045    26.8055     8.1009     8.0322         29 0.0000e+00
       9120    379.944     67.000    -0.1086   2.776718    -0.1097   2.776678     2.3160      8.116     2.1820     1.3823      95.86     0.2253 1.0788e-01     0.8206 2.6856e+00   54.48987  -54.74886    33.3950    33.3955    -0.1107    -0.1117    26.8159    26.8163     8.1160     8.0441         25 0.0000e+00
       9146    381.058     68.000    -0.1217   2.776028    -0.1210   2.776094     2.3128      8.111     2.1796     1.2197      99.83     0.2016 1.0806e-01     0.0324 2.4271e+00   54.48988  -54.74886    33.3996    33.3997    -0.1239    -0.1232    26.8202    26.8203     8.0947     8.0459         30 0.0000e+00
       9188    382.797     69.000    -0.1243   2.775991    -0.1248   2.776025     2.3009      8.107     2.1717     1.3137     100.00     0.2031 1.0805e-01     0.9706 2.6243e+00   54.48988  -54.74885    33.4014    33.4024    -0.1266    -0.1270    26.8218    26.8226     7.8727     7.9219         62 0.0000e+00
       9298    387.364     70.000    -0.1202   2.776267    -0.1210   2.776206     2.2462      8.107     2.1230     1.5145      89.44     0.1887 1.0793e-01     1.6873 2.7852e+00   54.48988  -54.74884    33.4000    33.4000    -0.1225    -0.1233    26.8205    26.8206     7.6535     7.6307         55 0.0000e+00
       9325    388.509     71.000    -0.1644   2.776698    -0.1652   2.776730     2.2388      8.100     2.1150     1.2531      99.65     0.1839 1.0798e-01     1.6932 2.8261e+00   54.48988  -54.74886    33.4535    33.4549    -0.1667    -0.1675    26.8658    26.8669     7.6543     7.6544         35 0.0000e+00
       9372    390.468     72.000    -0.1680   2.777910    -0.1690   2.778484     2.2270      8.083     2.1044     0.7567     100.00     0.1547 1.0802e-01     1.5779 2.5954e+00   54.48988  -54.74886    33.4730    33.4817    -0.1703    -0.1713    26.8817    26.8888     7.7154     7.6765         53 0.0000e+00
       9413    392.172     73.000    -0.1534   2.780344    -0.1534   2.780199     2.2252      8.076     2.1020     1.0099     100.00     0.1322 1.0801e-01     1.4746 2.8509e+00   54.48988  -54.74886    33.4892    33.4868    -0.1562    -0.1558    26.8941    26.8921     7.8087     7.7231         28 0.0000e+00
       9438    393.205     74.000    -0.1444   2.782753    -0.1444   2.782712     2.2260      8.073     2.1016     0.5678      85.11     0.1237 1.0800e-01     1.4787 2.9697e+00   54.48988  -54.74884    33.5102    33.5097    -0.1468    -0.1468    26.9107    26.9102     7.7849     7.6925         25 0.0000e+00
       9485    395.170     75.000    -0.1393   2.783715    -0.1387   2.783806     2.2236      8.069     2.0976     0.5699      97.97     0.1223 1.0797e-01     1.5669 2.9749e+00   54.48989  -54.74884    33.5170    33.5174    -0.1418    -0.1411    26.9159    26.9162     7.7430     7.6571         41 0.0000e+00
       9592    399.612     76.000    -0.1280   2.784783    -0.1245   2.785288     2.2188      8.069     2.0898     0.6236     100.02     0.1279 1.0801e-01     1.7279 2.6824e+00   54.48988  -54.74884    33.5179    33.5207    -0.1305    -0.1269    26.9161    26.9182     7.7482     7.6505         25 0.0000e+00
       9614    400.540     77.000    -0.0977   2.788545    -0.0975   2.788397     2.2187      8.068     2.0899     0.4593     100.00     0.1154 1.0805e-01     1.7254 2.6903e+00   54.48988  -54.74884    33.5340    33.5318    -0.1003    -0.1001    26.9276    26.9259     7.7447     7.6437         23 0.0000e+00
       9640    401.625     78.000    -0.0902   2.789461    -0.0902   2.789455     2.2188      8.068     2.0889     0.3901      88.23     0.1040 1.0798e-01     1.7012 2.5948e+00   54.48989  -54.74884    33.5373    33.5372    -0.0928    -0.0928    26.9299    26.9299     7.7467     7.6358         30 0.0000e+00
       9695    403.922     79.000    -0.0902   2.789486    -0.0925   2.789186     2.2191      8.068     2.0890     0.4252      97.49     0.0972 1.0797e-01     1.4623 2.6448e+00   54.48990  -54.74884    33.5369    33.5355    -0.0928    -0.0951    26.9297    26.9286     7.7597     7.6540         94 0.0000e+00
       9776    407.288     80.000    -0.0913   2.789361    -0.0896   2.789428     2.2212      8.068     2.0904     0.4740     100.12     0.1006 1.0800e-01     1.7368 2.7971e+00   54.48990  -54.74884    33.5359    33.5350    -0.0939    -0.0921    26.9289    26.9281     7.7593     7.6533         40 0.0000e+00
       9805    408.497     81.000    -0.0837   2.790254    -0.0825   2.790394     2.2200      8.068     2.0897     0.3780      91.41     0.0950 1.0801e-01     1.6698 2.5667e+00   54.48990  -54.74884    33.5388    33.5393    -0.0864    -0.0851    26.9309    26.9312     7.7082     7.6312         31 0.0000e+00
       9847    410.244     82.000    -0.0774   2.791009    -0.0722   2.791566     2.2141      8.068     2.0860     0.4377      95.81     0.0962 1.0796e-01     1.6061 2.7041e+00   54.48990  -54.74882    33.5413    33.5430    -0.0802    -0.0749    26.9326    26.9337     7.6164     7.5793         58 0.0000e+00
       9905    412.653     83.000    -0.0663   2.792315    -0.0654   2.792393     2.1984      8.068     2.0756     0.5312     100.05     0.0977 1.0803e-01     1.5580 2.8090e+00   54.48990  -54.74882    33.5458    33.5458    -0.0691    -0.0681    26.9357    26.9357     7.4293     7.4622         51 0.0000e+00
       9956    414.796     84.000    -0.0552   2.794658    -0.0533   2.794947     2.1764      8.067     2.0586     0.4156     100.00     0.0929 1.0802e-01     1.5834 2.6500e+00   54.48990  -54.74882    33.5641    33.5659    -0.0580    -0.0561    26.9499    26.9512     7.3087     7.3349         52 0.0000e+00
      10002    416.727     85.000    -0.0474   2.796899    -0.0471   2.796856     2.1605      8.063     2.0427     0.3365      90.21     0.0926 1.0800e-01     1.5175 2.7871e+00   54.48990  -54.74882    33.5846    33.5837    -0.0503    -0.0499    26.9661    26.9653     7.3200     7.2884         40 0.0000e+00
      10041    418.328     86.000    -0.0227   2.801607    -0.0219   2.801565     2.1519      8.058     2.0334     0.2682      97.05     0.0910 1.0794e-01     1.0513 2.7409e+00   54.48990  -54.74882    33.6192    33.6173    -0.0256    -0.0248    26.9928    26.9912     7.3153     7.2715         40 0.0000e+00
      10087    420.240     87.000    -0.0076   2.804785    -0.0065   2.804967     2.1446      8.052     2.0254     0.2150      99.84     0.0856 1.0803e-01     1.0573 2.7760e+00   54.48991  -54.74882    33.6440    33.6452    -0.0105    -0.0094    27.0121    27.0130     7.3278     7.2611         56 0.0000e+00
      10163    423.410     88.000    -0.0004   2.806163     0.0038   2.806838     2.1391      8.045     2.0178     0.1156      95.54     0.0785 1.0801e-01     1.1559 2.6895e+00   54.48992  -54.74882    33.6537    33.6578    -0.0034     0.0008    27.0196    27.0227     7.3491     7.2572         76 0.0000e+00
      10211    425.397     89.000     0.0129   2.807942     0.0133   2.808004     2.1380      8.043     2.0152     0.0912      98.48     0.0746 1.0799e-01     1.2102 2.7072e+00   54.48990  -54.74882    33.6620    33.6623     0.0099     0.0103    27.0256    27.0259     7.3503     7.2453         32 0.0000e+00
      10242    426.698     90.000     0.0166   2.808375     0.0167   2.808365     2.1369      8.044     2.0133     0.0481      96.74     0.0747 1.0788e-01     1.2316 2.4498e+00   54.48992  -54.74882    33.6631    33.6628     0.0135     0.0136    27.0263    27.0261     7.3272     7.2395         34 0.0000e+00
      10285    428.506     91.000     0.0280   2.809688     0.0261   2.809457     2.1346      8.043     2.0122     0.0675      99.90     0.0747 1.0799e-01     1.2255 2.7089e+00   54.48992  -54.74881    33.6674    33.6663     0.0248     0.0230    27.0292    27.0284     7.3311     7.2538         54 0.0000e+00
      10335    430.588     92.000     0.0411   2.811277     0.0414   2.811263     2.1349      8.043     2.0129     0.1053     100.00     0.0719 1.0803e-01     0.9944 2.6252e+00   54.48992  -54.74880    33.6732    33.6726     0.0380     0.0386    27.0333    27.0327     7.3508     7.2683         39 0.0000e+00
      10371    432.070     93.000     0.0726   2.815094     0.0735   2.815018     2.1338      8.042     2.0131     0.0649      91.25     0.0724 1.0800e-01     1.0687 2.8852e+00   54.48992  -54.74880    33.6884    33.6865     0.0694     0.0702    27.0439    27.0423     7.3081     7.2368         42 0.0000e+00
      10481    436.667     94.000     0.0877   2.817011     0.0881   2.816614     2.1330      8.042     2.0087     0.0801     101.44     0.0761 1.0801e-01     1.1385 2.7588e+00   54.48992  -54.74882    33.6965    33.6908     0.0844     0.0849    27.0497    27.0450     7.3361     7.2142         35 0.0000e+00
      10512    437.959     95.000     0.1188   2.820615     0.1195   2.820552     2.1331      8.041     2.0078     0.0454     100.00     0.0752 1.0803e-01     1.2310 2.3615e+00   54.48992  -54.74881    33.7093    33.7075     0.1154     0.1164    27.0584    27.0569     7.3099     7.2016         24 0.0000e+00
      10548    439.441     96.000     0.1229   2.821163     0.1233   2.821165     2.1320      8.041     2.0073     0.0548      94.88     0.0751 1.0803e-01     1.2321 2.6936e+00   54.48992  -54.74880    33.7114    33.7109     0.1195     0.1200    27.0599    27.0595     7.2989     7.2105         59 0.0000e+00
      10639    443.258     97.000     0.1197   2.820805     0.1214   2.821016     2.1303      8.042     2.0082     0.0897      99.54     0.0736 1.0794e-01     1.1437 3.1407e+00   54.48992  -54.74880    33.7095    33.7106     0.1163     0.1180    27.0585    27.0593     7.3136     7.2211         77 0.0000e+00
      10746    447.716     98.000     0.1275   2.821742     0.1252   2.821435     2.1299      8.042     2.0069     0.0610      98.40     0.0736 1.0796e-01     0.8892 2.7540e+00   54.48992  -54.74880    33.7128    33.7113     0.1240     0.1219    27.0608    27.0597     7.3113     7.2108         78 0.0000e+00
      10831    451.264     99.000     0.1265   2.821675     0.1271   2.821768     2.1308      8.041     2.0070     0.0477     100.04     0.0760 1.0801e-01     0.6658 2.7266e+00   54.48992  -54.74880    33.7124    33.7129     0.1230     0.1236    27.0605    27.0609     7.3266     7.2153         35 0.0000e+00
      10861    452.517    100.000     0.1294   2.822068     0.1290   2.822019     2.1309      8.041     2.0069     0.0516      99.86     0.0767 1.0801e-01     0.7105 2.8147e+00   54.48993  -54.74878    33.7137    33.7135     0.1259     0.1255    27.0615    27.0613     7.3156     7.2128         32 0.0000e+00
      11008    458.632    101.000     0.1212   2.821095     0.1279   2.821857     2.1313      8.042     2.0078     0.0614      98.70     0.0738 1.0795e-01     0.6505 2.8468e+00   54.48994  -54.74878    33.7094    33.7120     0.1176     0.1244    27.0584    27.0601     7.3319     7.2160         59 0.0000e+00
      11121    463.350    102.000     0.1433   2.823780     0.1559   2.825051     2.1323      8.042     2.0079     0.0565      98.05     0.0733 1.0795e-01     0.4612 2.7108e+00   54.48994  -54.74878    33.7199    33.7226     0.1397     0.1523    27.0657    27.0673     7.3180     7.2093         98 0.0000e+00
      11316    471.452    103.000     0.2023   2.830622     0.1940   2.829329     2.1318      8.043     2.0064     0.0641      97.05     0.0739 1.0791e-01     0.1742 2.7686e+00   54.48994  -54.74878    33.7440    33.7358     0.1986     0.1904    27.0821    27.0759     7.2964     7.2053         71 0.0000e+00
      12271    511.251    104.000     0.2262   2.833482     0.2295   2.833725     2.1312      8.044     2.0078     0.0729      96.05     0.0775 1.0777e-01     1.0199 2.8653e+00   54.48997  -54.74875    33.7551    33.7547     0.2225     0.2258    27.0898    27.0893     7.2856     7.1987         98 0.0000e+00
