docs/notebooks/Dat4805179.CNV
* Sea-Bird SBE 9 Data File:
* FileName = C:\data\ctd\at4805179.hdr
* Software Version Seasave V 7.26.7.121
* Temperature SN = 6493
* Conductivity SN = 5044
* Number of Bytes Per Scan = 40
* Number of Voltage Words = 5
* Number of Scans Averaged by the Deck Unit = 1
* NMEA Latitude = 54 29.38 N
* NMEA Longitude = 054 44.95 W
* NMEA UTC (Time) = May 20 2022  10:50:44
** Ship: ATLANTIS
** Cruise: AT4805
** Chief_Scientist: MARC RINGUETTE
** Organization: DFO BIO
** Area_of_Operation: LABRADOR SEA
** Cruise_Description: ATLANTIC ZONE OFF-SHELF MONITORING PROGRAM (AZOMP)
** Station_Name: AR7W_05
** Event_Number:  179
** Sounding:  204
** Event_Comments: AR7W_05, 493143
# nquan = 28
# nvalues = 187                         
# units = specified
# name 0 = scan: Scan Count
# name 1 = timeS: Time, Elapsed [seconds]
# name 2 = prDM: Pressure, Digiquartz [db]
# name 3 = t090C: Temperature [ITS-90, deg C]
# name 4 = c0S/m: Conductivity [S/m]
# name 5 = t190C: Temperature, 2 [ITS-90, deg C]
# name 6 = c1S/m: Conductivity, 2 [S/m]
# name 7 = sbeox0V: Oxygen raw, SBE 43 [V]
# name 8 = ph: pH
# name 9 = sbeox1V: Oxygen raw, SBE 43, 2 [V]
# name 10 = flECO-AFL: Fluorescence, WET Labs ECO-AFL/FL [mg/m^3]
# name 11 = altM: Altimeter [m]
# name 12 = CStarAt0: Beam Attenuation, WET Labs C-Star [1/m]
# name 13 = par/log: PAR/Logarithmic, Satlantic [umol photons/m2/s]
# name 14 = wetCDOM: Fluorescence, WET Labs CDOM [mg/m^3]
# name 15 = spar: SPAR/Surface Irradiance
# name 16 = latitude: Latitude [deg]
# name 17 = longitude: Longitude [deg]
# name 18 = sal00: Salinity, Practical [PSU]
# name 19 = sal11: Salinity, Practical, 2 [PSU]
# name 20 = potemp090C: Potential Temperature [ITS-90, deg C]
# name 21 = potemp190C: Potential Temperature, 2 [ITS-90, deg C]
# name 22 = sigma-é00: Density [sigma-theta, kg/m^3]
# name 23 = sigma-é11: Density, 2 [sigma-theta, kg/m^3]
# name 24 = sbeox0ML/L: Oxygen, SBE 43 [ml/l], WS = 2
# name 25 = sbeox1ML/L: Oxygen, SBE 43, 2 [ml/l], WS = 2
# name 26 = nbin: number of scans per bin
# name 27 = flag: flag
# span 0 =       4694,      17010       
# span 1 =    195.556,    708.700       
# span 2 =      2.000,    188.000       
# span 3 =    -0.5533,     3.1408       
# span 4 =   2.668065,   3.152332       
# span 5 =    -0.5581,     3.1403       
# span 6 =   2.668068,   3.152223       
# span 7 =     2.1137,     2.6176       
# span 8 =      8.040,      8.264       
# span 9 =     1.9936,     2.4550       
# span 10 =     0.0115,     6.7151      
# span 11 =      10.36,     101.93      
# span 12 =     0.0654,     0.5506      
# span 13 = 1.0719e-01, 3.8404e+02      
# span 14 =     0.0038,     1.7368      
# span 15 = 2.0933e+00, 3.7583e+00      
# span 16 =   54.48974,   54.49004      
# span 17 =  -54.74900,  -54.74865      
# span 18 =    32.4671,    34.5757      
# span 19 =    32.4679,    34.5750      
# span 20 =    -0.5534,     3.1291      
# span 21 =    -0.5584,     3.1293      
# span 22 =    26.0850,    27.5345      
# span 23 =    26.0857,    27.5341      
# span 24 =     6.6492,     9.6697      
# span 25 =     6.5689,     9.5344      
# span 26 =         17,        133      
# span 27 = 0.0000e+00, 0.0000e+00      
# interval = decibars: 1                
# start_time = May 20 2022 10:50:44 [NMEA time, header]
# bad_flag = -9.990e-29
*END*
[from data line 104]
      12654    527.194    106.000     0.2651   2.838204     0.2648   2.838142     2.1259      8.044     2.0059     0.0608      94.04     0.0815 1.0759e-01     1.2321 2.7487e+00   54.48998  -54.74874    33.7733    33.7729     0.2612     0.2609    27.1023    27.1021     7.2445     7.1713         45 0.0000e+00
      12694    528.861    107.000     0.2783   2.839778     0.2791   2.839664     2.1254      8.043     2.0049     0.0707      92.32     0.0762 1.0755e-01     1.3292 2.9702e+00   54.48998  -54.74874    33.7789    33.7762     0.2743     0.2753    27.1062    27.1040     7.2560     7.1649         34 0.0000e+00
      12723    530.095    108.000     0.3541   2.848785     0.3552   2.848517     2.1252      8.042     2.0045     0.0750      92.04     0.0817 1.0758e-01     1.0010 2.7794e+00   54.48998  -54.74873    33.8130    33.8083     0.3501     0.3512    27.1296    27.1257     7.2409     7.1507         28 0.0000e+00
      12757    531.490    109.000     0.3961   2.853677     0.3957   2.853467     2.1251      8.043     2.0041     0.0273      90.97     0.0799 1.0757e-01     1.0535 2.7946e+00   54.48998  -54.74872    33.8304    33.8281     0.3920     0.3916    27.1413    27.1394     7.2289     7.1353         43 0.0000e+00
      12824    534.299    110.000     0.4181   2.856180     0.4178   2.856055     2.1250      8.044     2.0031     0.0250      89.90     0.0799 1.0756e-01     1.1044 3.1867e+00   54.48998  -54.74872    33.8388    33.8371     0.4139     0.4136    27.1468    27.1455     7.2354     7.1307         83 0.0000e+00
      12892    537.116    111.000     0.4370   2.858459     0.4362   2.858358     2.1296      8.044     2.0052     0.0115      88.73     0.0802 1.0751e-01     1.1654 2.8802e+00   54.48998  -54.74872    33.8468    33.8464     0.4328     0.4320    27.1522    27.1519     7.3351     7.1879         52 0.0000e+00
      12936    538.949    112.000     0.4435   2.859255     0.4442   2.859302     2.1385      8.045     2.0115     0.0135      87.87     0.0790 1.0747e-01     1.1309 3.0150e+00   54.48998  -54.74872    33.8495    33.8494     0.4392     0.4401    27.1540    27.1539     7.3937     7.2310         37 0.0000e+00
      12967    540.241    113.000     0.4524   2.860314     0.4521   2.860181     2.1427      8.044     2.0154     0.0173      86.91     0.0821 1.0730e-01     1.2330 3.0946e+00   54.48998  -54.74872    33.8530    33.8517     0.4481     0.4477    27.1563    27.1553     7.3263     7.2299         28 0.0000e+00
      12994    541.388    114.000     0.4935   2.864667     0.4885   2.863977     2.1424      8.045     2.0171     0.0173      85.90     0.0820 1.0723e-01     1.1823 3.1682e+00   54.48998  -54.74872    33.8642    33.8607     0.4890     0.4840    27.1630    27.1605     7.2949     7.2057         29 0.0000e+00
      13036    543.121    115.000     0.5217   2.867504     0.5198   2.867080     2.1459      8.046     2.0191     0.0250      84.81     0.0808 1.0722e-01     1.1139 3.0365e+00   54.48999  -54.74872    33.8696    33.8662     0.5172     0.5153    27.1658    27.1632     7.4011     7.2280         59 0.0000e+00
      13146    547.703    116.000     0.5272   2.867944     0.5307   2.867754     2.1713      8.048     2.0398     0.0717      83.72     0.0802 1.0721e-01     1.0632 3.1321e+00   54.48998  -54.74872    33.8687    33.8628     0.5227     0.5262    27.1647    27.1598     7.5230     7.3839         84 0.0000e+00
      13200    549.966    117.000     0.6295   2.878622     0.6253   2.877692     2.1771      8.052     2.0493     0.0485      82.88     0.0829 1.0720e-01     1.1097 3.3370e+00   54.48998  -54.74872    33.8950    33.8875     0.6248     0.6206    27.1799    27.1741     7.4505     7.3546         26 0.0000e+00
      13222    550.884    118.000     0.6405   2.880085     0.6402   2.879873     2.1783      8.056     2.0511     0.1010      81.82     0.0756 1.0721e-01     1.1088 3.0569e+00   54.48998  -54.74872    33.9014    33.8990     0.6358     0.6354    27.1844    27.1825     7.4554     7.3495         22 0.0000e+00
      13246    551.866    119.000     0.6532   2.881701     0.6531   2.881594     2.1796      8.060     2.0525     0.0892      80.75     0.0710 1.0721e-01     1.1088 3.1256e+00   54.48998  -54.74872    33.9078    33.9067     0.6484     0.6482    27.1889    27.1880     7.4509     7.3393         26 0.0000e+00
      13276    553.145    120.000     0.6568   2.882227     0.6568   2.882214     2.1809      8.060     2.0536     0.0813      79.74     0.0654 1.0721e-01     1.1088 3.0820e+00   54.48999  -54.74870    33.9102    33.9100     0.6520     0.6520    27.1906    27.1904     7.4467     7.3372         35 0.0000e+00
      13317    554.842    121.000     0.6586   2.882506     0.6587   2.882479     2.1821      8.061     2.0538     0.1286      78.64     0.0666 1.0721e-01     1.1088 3.2102e+00   54.49000  -54.74870    33.9112    33.9108     0.6537     0.6538    27.1913    27.1910     7.4506     7.3294         50 0.0000e+00
      13450    560.363    122.000     0.6587   2.882514     0.6614   2.882676     2.1779      8.061     2.0520     0.0933      77.66     0.0690 1.0719e-01     1.1088 3.1561e+00   54.48998  -54.74871    33.9107    33.9098     0.6537     0.6565    27.1909    27.1900     7.3848     7.3106         43 0.0000e+00
      13495    562.258    123.000     0.6793   2.884888     0.6811   2.884973     2.1752      8.062     2.0506     0.1071      76.75     0.0673 1.0721e-01     1.0440 3.3680e+00   54.48998  -54.74872    33.9184    33.9174     0.6743     0.6761    27.1958    27.1950     7.3708     7.2907         21 0.0000e+00
      13514    563.054    124.000     0.7099   2.888492     0.7099   2.887903     2.1737      8.063     2.0496     0.0831      75.71     0.0669 1.0721e-01     0.9657 3.1453e+00   54.48998  -54.74872    33.9310    33.9234     0.7048     0.7048    27.2042    27.1980     7.3749     7.2888         18 0.0000e+00
      13533    563.817    125.000     0.7464   2.892746     0.7465   2.892499     2.1743      8.061     2.0496     0.0795      74.70     0.0696 1.0721e-01     0.8643 2.5256e+00   54.48999  -54.74871    33.9456    33.9423     0.7412     0.7413    27.2137    27.2111     7.4066     7.2965         19 0.0000e+00
      13555    564.754    126.000     0.7568   2.893941     0.7561   2.893811     2.1757      8.061     2.0500     0.0979      73.62     0.0694 1.0721e-01     0.7669 2.7622e+00   54.49000  -54.74870    33.9491    33.9482     0.7516     0.7509    27.2159    27.2152     7.4297     7.2941         28 0.0000e+00
      13610    567.051    127.000     0.7535   2.893646     0.7564   2.893856     2.1785      8.061     2.0500     0.2094      72.47     0.0703 1.0721e-01     0.4816 3.1831e+00   54.49000  -54.74870    33.9483    33.9479     0.7483     0.7511    27.2155    27.2149     7.4240     7.2917         76 0.0000e+00
      13765    573.509    128.000     0.7506   2.893237     0.7458   2.892204     2.1658      8.061     2.0405     0.0723      71.65     0.0694 1.0719e-01     0.0562 3.2547e+00   54.48998  -54.74872    33.9455    33.9368     0.7453     0.7409    27.2134    27.2067     7.2739     7.1915         25 0.0000e+00
      13780    574.145    129.000     0.7850   2.897005     0.7834   2.896458     2.1642      8.061     2.0385     0.0828      70.61     0.0722 1.0721e-01     0.1222 2.8485e+00   54.49000  -54.74870    33.9561    33.9509     0.7797     0.7780    27.2198    27.2157     7.3156     7.1949         18 0.0000e+00
      13798    574.871    130.000     0.8065   2.899441     0.8060   2.899155     2.1649      8.062     2.0371     0.0491      69.63     0.0775 1.0721e-01     0.1222 3.2216e+00   54.49000  -54.74870    33.9636    33.9604     0.8010     0.8006    27.2245    27.2220     7.3545     7.2016         17 0.0000e+00
      13816    575.622    131.000     0.8433   2.903782     0.8401   2.902819     2.1659      8.061     2.0367     0.0726      68.60     0.0715 1.0721e-01     0.1222 3.2691e+00   54.49000  -54.74870    33.9788    33.9699     0.8378     0.8345    27.2345    27.2276     7.4025     7.2193         20 0.0000e+00
      13846    576.892    132.000     0.8980   2.910032     0.8990   2.909456     2.1709      8.060     2.0389     0.0977      67.44     0.0742 1.0721e-01     0.1516 2.9854e+00   54.49001  -54.74869    33.9995    33.9912     0.8923     0.8933    27.2477    27.2410     7.3991     7.2419         48 0.0000e+00
      13974    582.206    133.000     0.8280   2.902333     0.8403   2.903520     2.1701      8.060     2.0442     0.1414      66.34     0.0736 1.0721e-01     0.4786 3.3206e+00   54.49001  -54.74869    33.9755    33.9773     0.8224     0.8347    27.2328    27.2335     7.3034     7.2424         96 0.0000e+00
      14036    584.802    134.000     0.9140   2.911883     0.9166   2.911633     2.1669      8.060     2.0432     0.1108      65.46     0.0752 1.0721e-01     0.7454 2.8654e+00   54.49000  -54.74870    34.0044    33.9982     0.9082     0.9109    27.2507    27.2456     7.3201     7.2441         24 0.0000e+00
      14056    585.631    135.000     0.9722   2.918115     0.9668   2.916631     2.1682      8.058     2.0450     0.0663      64.49     0.0828 1.0721e-01     0.7388 3.0718e+00   54.49000  -54.74870    34.0204    34.0072     0.9663     0.9610    27.2599    27.2496     7.4292     7.2679         19 0.0000e+00
      14075    586.424    136.000     1.1053   2.931376     1.0987   2.929366     2.1745      8.058     2.0471     0.0972      63.52     0.0783 1.0721e-01     0.7388 2.7457e+00   54.49000  -54.74868    34.0449    34.0264     1.0993     1.0926    27.2710    27.2565     7.4277     7.2457         20 0.0000e+00
      14099    587.411    137.000     1.2448   2.945253     1.2383   2.943787     2.1756      8.058     2.0486     0.2119      62.37     0.0813 1.0724e-01     0.8118 2.9881e+00   54.49002  -54.74868    34.0700    34.0584     1.2386     1.2320    27.2818    27.2729     7.2339     7.1916         30 0.0000e+00
      14172    590.476    138.000     1.1942   2.940246     1.2063   2.941417     2.1539      8.058     2.0387     0.1734      61.20     0.0845 1.0726e-01     1.0112 3.1189e+00   54.49002  -54.74868    34.0605    34.0620     1.1879     1.2001    27.2775    27.2780     7.0355     7.0644        107 0.0000e+00
      14259    594.068    139.000     1.4775   2.968873     1.4536   2.965772     2.1285      8.056     2.0180     0.1651      60.28     0.0792 1.0727e-01     1.1680 3.2945e+00   54.49002  -54.74868    34.1168    34.1032     1.4708     1.4470    27.3033    27.2941     6.9418     6.9162         43 0.0000e+00
      14297    595.686    140.000     1.6193   2.984201     1.6136   2.982673     2.1266      8.052     2.0125     0.2282      59.25     0.0932 1.0734e-01     1.1458 3.2264e+00   54.49002  -54.74868    34.1565    34.1448     1.6124     1.6069    27.3250    27.3161     6.9972     6.8895         40 0.0000e+00
      14334    597.219    141.000     1.7619   2.999663     1.7562   2.998609     2.1269      8.047     2.0092     0.2572      58.28     0.1069 1.0743e-01     1.1612 3.1603e+00   54.49002  -54.74868    34.1966    34.1895     1.7548     1.7491    27.3467    27.3414     6.9627     6.8668         33 0.0000e+00
      14367    598.601    142.000     1.8370   3.007854     1.8332   3.006845     2.1260      8.043     2.0074     0.2970      57.22     0.1311 1.0751e-01     1.2035 3.3386e+00   54.49002  -54.74868    34.2178    34.2092     1.8298     1.8260    27.3581    27.3515     6.9154     6.8352         38 0.0000e+00
      14437    601.489    143.000     1.8659   3.010886     1.8482   3.008952     2.1229      8.041     2.0031     0.3506      56.12     0.1667 1.0757e-01     0.9154 3.2147e+00   54.49002  -54.74867    34.2240    34.2188     1.8586     1.8410    27.3609    27.3580     6.9359     6.8387         81 0.0000e+00
      14485    603.496    144.000     1.9545   3.020503     1.9523   3.019842     2.1253      8.041     2.0042     0.3052      55.26     0.1540 1.0758e-01     0.1507 2.8313e+00   54.49002  -54.74868    34.2484    34.2425     1.9470     1.9449    27.3736    27.3690     6.9360     6.8400         28 0.0000e+00
      14512    604.612    145.000     2.0588   3.031697     2.0518   3.030172     2.1253      8.041     2.0049     0.2361      54.20     0.1624 1.0758e-01     0.0038 3.2298e+00   54.49002  -54.74868    34.2753    34.2638     2.0511     2.0441    27.3870    27.3783     6.8865     6.8138         30 0.0000e+00
      14584    607.608    146.000     2.0866   3.034743     2.0847   3.034081     2.1223      8.041     2.0047     0.2696      53.06     0.1723 1.0758e-01     0.0409 3.1948e+00   54.49002  -54.74868    34.2828    34.2765     2.0788     2.0770    27.3909    27.3859     6.8554     6.7995         78 0.0000e+00
      14653    610.516    147.000     2.1663   3.043268     2.1988   3.046233     2.1194      8.040     2.0039     0.2676      52.14     0.1687 1.0758e-01     0.4148 3.0383e+00   54.49002  -54.74868    34.3025    34.3044     2.1584     2.1909    27.4003    27.3992     6.8584     6.7706         36 0.0000e+00
      14684    611.783    148.000     2.2346   3.050604     2.2337   3.050334     2.1203      8.040     2.0037     0.2258      51.17     0.1777 1.0758e-01     0.4944 3.0482e+00   54.49002  -54.74868    34.3197    34.3174     2.2265     2.2256    27.4086    27.4068     6.8694     6.7678         29 0.0000e+00
      14712    612.942    149.000     2.2577   3.053125     2.2571   3.052787     2.1221      8.041     2.0037     0.1894      50.18     0.1932 1.0759e-01     0.6248 3.1573e+00   54.49002  -54.74868    34.3256    34.3221     2.2496     2.2489    27.4114    27.4086     6.8674     6.7657         28 0.0000e+00
      14743    614.234    150.000     2.2859   3.056201     2.2853   3.055920     2.1225      8.041     2.0033     0.1864      49.13     0.2007 1.0759e-01     0.9711 3.0755e+00   54.49002  -54.74866    34.3329    34.3301     2.2776     2.2770    27.4149    27.4127     6.8464     6.7494         38 0.0000e+00
      14834    618.044    151.000     2.2895   3.056652     2.2856   3.056098     2.1225      8.042     2.0012     0.2183      48.00     0.1988 1.0764e-01     1.2127 3.2148e+00   54.49002  -54.74867    34.3340    34.3316     2.2812     2.2773    27.4155    27.4139     6.8446     6.7440         68 0.0000e+00
      14906    621.024    152.000     2.3055   3.058304     2.3131   3.058798     2.1235      8.043     2.0008     0.2175      47.15     0.1945 1.0762e-01     1.2336 3.1817e+00   54.49002  -54.74868    34.3368    34.3347     2.2971     2.3047    27.4165    27.4141     6.8544     6.7426         25 0.0000e+00
      14927    621.897    153.000     2.3280   3.060773     2.3271   3.060424     2.1237      8.043     2.0007     0.1821      46.13     0.2040 1.0777e-01     1.2545 2.8927e+00   54.49002  -54.74867    34.3426    34.3396     2.3195     2.3190    27.4193    27.4170     6.8578     6.7415         22 0.0000e+00
      14951    622.906    154.000     2.3379   3.061919     2.3386   3.061911     2.1245      8.042     2.0009     0.1872      45.10     0.2031 1.0789e-01     1.2798 3.3938e+00   54.49002  -54.74866    34.3457    34.3447     2.3293     2.3301    27.4209    27.4201     6.8584     6.7412         28 0.0000e+00
      14988    624.439    155.000     2.3409   3.062325     2.3452   3.062696     2.1251      8.044     2.0013     0.1766      43.96     0.2053 1.0792e-01     0.9994 3.2416e+00   54.49004  -54.74866    34.3469    34.3469     2.3322     2.3370    27.4217    27.4213     6.8526     6.7459         47 0.0000e+00
      15050    627.062    156.000     2.3451   3.062877     2.3500   3.063306     2.1246      8.044     2.0014     0.2244      42.92     0.2089 1.0795e-01     1.1931 3.0706e+00   54.49004  -54.74866    34.3486    34.3487     2.3364     2.3414    27.4227    27.4223     6.8380     6.7376         76 0.0000e+00
