docs/notebooks/Dat4805179.CNV
* Sea-Bird SBE 9 Data File:
* FileName = C:\data\ctd\at4805179.hdr
* Software Version Seasave V 7.26.7.121
* Temperature SN = 6493
* Conductivity SN = 5044
* Number of Bytes Per Scan = 40
* Number of Voltage Words = 5
* Number of Scans Averaged by the Deck Unit = 1
* NMEA Latitude = 54 29.38 N
* NMEA Longitude = 054 44.95 W
* NMEA UTC (Time) = May 20 2022  10:50:44
** Ship: ATLANTIS
** Cruise: AT4805
** Chief_Scientist: MARC RINGUETTE
** Organization: DFO BIO
** Area_of_Operation: LABRADOR SEA
** Cruise_Description: ATLANTIC ZONE OFF-SHELF MONITORING PROGRAM (AZOMP)
** Station_Name: AR7W_05
** Event_Number:  179
** Sounding:  204
** Event_Comments: AR7W_05, 493143
# nquan = 28
# nvalues = 187                         
# units = specified
# name 0 = scan: Scan Count
# name 1 = timeS: Time, Elapsed [seconds]
# name 2 = prDM: Pressure, Digiquartz [db]
# name 3 = t090C: Temperature [ITS-90, deg C]
# name 4 = c0S/m: Conductivity [S/m]
# name 5 = t190C: Temperature, 2 [ITS-90, deg C]
# name 6 = c1S/m: Conductivity, 2 [S/m]
# name 7 = sbeox0V: Oxygen raw, SBE 43 [V]
# name 8 = ph: pH
# name 9 = sbeox1V: Oxygen raw, SBE 43, 2 [V]
# name 10 = flECO-AFL: Fluorescence, WET Labs ECO-AFL/FL [mg/m^3]
# name 11 = altM: Altimeter [m]
# name 12 = CStarAt0: Beam Attenuation, WET Labs C-Star [1/m]
# name 13 = par/log: PAR/Logarithmic, Satlantic [umol photons/m2/s]
# name 14 = wetCDOM: Fluorescence, WET Labs CDOM [mg/m^3]
# name 15 = spar: SPAR/Surface Irradiance
# name 16 = latitude: Latitude [deg]
# name 17 = longitude: Longitude [deg]
# name 18 = sal00: Salinity, Practical [PSU]
# name 19 = sal11: Salinity, Practical, 2 [PSU]
# name 20 = potemp090C: Potential Temperature [ITS-90, deg C]
# name 21 = potemp190C: Potential Temperature, 2 [ITS-90, deg C]
# name 22 = sigma-é00: Density [sigma-theta, kg/m^3]
# name 23 = sigma-é11: Density, 2 [sigma-theta, kg/m^3]
# name 24 = sbeox0ML/L: Oxygen, SBE 43 [ml/l], WS = 2
# name 25 = sbeox1ML/L: Oxygen, SBE 43, 2 [ml/l], WS = 2
# name 26 = nbin: number of scans per bin
# name 27 = flag: flag
# span 0 =       4694,      17010       
# span 1 =    195.556,    708.700       
# span 2 =      2.000,    188.000       
# span 3 =    -0.5533,     3.1408       
# span 4 =   2.668065,   3.152332       
# span 5 =    -0.5581,     3.1403       
# span 6 =   2.668068,   3.152223       
# span 7 =     2.1137,     2.6176       
# span 8 =      8.040,      8.264       
# span 9 =     1.9936,     2.4550       
# span 10 =     0.0115,     6.7151      
# span 11 =      10.36,     101.93      
# span 12 =     0.0654,     0.5506      
# span 13 = 1.0719e-01, 3.8404e+02      
# span 14 =     0.0038,     1.7368      
# span 15 = 2.0933e+00, 3.7583e+00      
# span 16 =   54.48974,   54.49004      
# span 17 =  -54.74900,  -54.74865      
# span 18 =    32.4671,    34.5757      
# span 19 =    32.4679,    34.5750      
# span 20 =    -0.5534,     3.1291      
# span 21 =    -0.5584,     3.1293      
# span 22 =    26.0850,    27.5345      
# span 23 =    26.0857,    27.5341      
# span 24 =     6.6492,     9.6697      
# span 25 =     6.5689,     9.5344      
# span 26 =         17,        133      
# span 27 = 0.0000e+00, 0.0000e+00      
# interval = decibars: 1                
# start_time = May 20 2022 10:50:44 [NMEA time, header]
# bad_flag = -9.990e-29
*END*
[from data line 156]
      15204    633.451    158.000     2.3537   3.063862     2.3539   3.063803     2.1240      8.044     2.0006     0.2610      40.99     0.2211 1.0795e-01     0.9754 3.3102e+00   54.49002  -54.74866    34.3503    34.3497     2.3450     2.3451    27.4234    27.4228     6.8319     6.7378         40 0.0000e+00
      15228    634.440    159.000     2.3562   3.064158     2.3567   3.064147     2.1230      8.044     2.0001     0.1889      40.08     0.2209 1.0795e-01     1.2045 3.3752e+00   54.49002  -54.74866    34.3509    34.3502     2.3473     2.3479    27.4236    27.4230     6.8135     6.7342         22 0.0000e+00
      15248    635.308    160.000     2.3576   3.064355     2.3578   3.064312     2.1217      8.044     2.0000     0.1574      39.09     0.2278 1.0800e-01     1.2370 3.5313e+00   54.49002  -54.74866    34.3512    34.3505     2.3487     2.3489    27.4238    27.4232     6.8221     6.7328         21 0.0000e+00
      15277    636.494    161.000     2.3583   3.064491     2.3583   3.064451     2.1215      8.044     1.9997     0.2091      37.95     0.2327 1.0803e-01     1.2328 3.0521e+00   54.49004  -54.74866    34.3516    34.3511     2.3493     2.3494    27.4240    27.4236     6.8316     6.7342         42 0.0000e+00
      15359    639.915    162.000     2.3576   3.064472     2.3576   3.064425     2.1224      8.044     1.9998     0.1928      36.76     0.2279 1.0814e-01     1.2558 3.6529e+00   54.49003  -54.74866    34.3515    34.3510     2.3486     2.3486    27.4240    27.4236     6.8508     6.7431         79 0.0000e+00
      15399    641.570    163.000     2.3634   3.065147     2.3637   3.065113     2.1233      8.044     2.0007     0.1881      35.93     0.2252 1.0820e-01     0.8996 3.1479e+00   54.49003  -54.74866    34.3531    34.3524     2.3543     2.3546    27.4248    27.4242     6.8679     6.7597         32 0.0000e+00
      15470    644.560    164.000     2.3627   3.065077     2.3626   3.065050     2.1227      8.044     2.0031     0.1922      34.85     0.2272 1.0830e-01     1.0795 3.0450e+00   54.49003  -54.74867    34.3525    34.3523     2.3535     2.3534    27.4244    27.4242     6.8372     6.7551         51 0.0000e+00
      15538    647.393    165.000     2.3625   3.065198     2.3631   3.065160     2.1186      8.044     2.0020     0.1730      33.94     0.2236 1.0833e-01     1.1785 3.4735e+00   54.49002  -54.74868    34.3536    34.3525     2.3533     2.3539    27.4253    27.4243     6.8343     6.7468         24 0.0000e+00
      15558    648.226    166.000     2.3655   3.065474     2.3673   3.065508     2.1195      8.044     2.0025     0.1543      32.96     0.2274 1.0833e-01     1.2319 3.0950e+00   54.49002  -54.74866    34.3533    34.3517     2.3562     2.3580    27.4248    27.4234     6.8447     6.7574         20 0.0000e+00
      15579    649.099    167.000     2.4884   3.078897     2.5021   3.078916     2.1201      8.044     2.0025     0.1512      31.94     0.2326 1.0833e-01     1.2321 3.1498e+00   54.49002  -54.74866    34.3865    34.3718     2.4789     2.4930    27.4411    27.4282     6.8241     6.7320         23 0.0000e+00
      15615    650.569    168.000     2.5953   3.091064     2.6035   3.090939     2.1231      8.043     2.0043     0.1535      30.79     0.2307 1.0833e-01     1.2321 3.2359e+00   54.49004  -54.74866    34.4213    34.4108     2.5856     2.5939    27.4598    27.4507     6.8487     6.7329         55 0.0000e+00
      15701    654.162    169.000     2.5459   3.085676     2.5881   3.089992     2.1220      8.044     2.0049     0.1736      29.71     0.2257 1.0833e-01     1.1589 3.1143e+00   54.49004  -54.74866    34.4073    34.4152     2.5362     2.5783    27.4529    27.4556     6.7617     6.7016        102 0.0000e+00
      15780    657.475    170.000     2.7464   3.107441     2.7683   3.108779     2.1180      8.043     2.0009     0.1987      28.76     0.2218 1.0833e-01     0.8083 3.7583e+00   54.49004  -54.74866    34.4592    34.4522     2.7363     2.7582    27.4770    27.4695     6.7450     6.6564         51 0.0000e+00
      15815    658.910    171.000     3.0228   3.138524     3.0181   3.137262     2.1174      8.042     2.0000     0.1600      27.84     0.2214 1.0833e-01     0.4396 3.0730e+00   54.49003  -54.74866    34.5421    34.5324     3.0123     3.0076    27.5184    27.5112     6.6836     6.5944         28 0.0000e+00
      15841    659.989    172.000     3.0486   3.141636     3.0415   3.140465     2.1176      8.042     1.9989     0.1273      26.85     0.2308 1.0848e-01     0.2512 3.5851e+00   54.49004  -54.74866    34.5525    34.5459     3.0380     3.0309    27.5244    27.5197     6.6873     6.5869         28 0.0000e+00
      15884    661.799    173.000     3.0551   3.142558     3.0607   3.142800     2.1174      8.042     1.9975     0.1139      25.69     0.2521 1.0849e-01     0.2176 3.3091e+00   54.49004  -54.74866    34.5563    34.5532     3.0444     3.0500    27.5268    27.5238     6.6886     6.5830         60 0.0000e+00
      15935    663.935    174.000     3.0580   3.142731     3.0595   3.142796     2.1183      8.042     1.9964     0.1153      24.75     0.2513 1.0857e-01     0.1173 3.4948e+00   54.49004  -54.74866    34.5547    34.5538     3.0472     3.0488    27.5253    27.5244     6.6978     6.5878         35 0.0000e+00
      15967    665.270    175.000     3.0669   3.143757     3.0677   3.143703     2.1191      8.043     1.9967     0.1181      23.71     0.2529 1.0859e-01     0.0967 3.2133e+00   54.49004  -54.74866    34.5571    34.5556     3.0561     3.0569    27.5264    27.5251     6.7060     6.5963         37 0.0000e+00
      16027    667.768    176.000     3.0686   3.143983     3.0768   3.144713     2.1185      8.042     1.9966     0.1160      22.61     0.2594 1.0866e-01     0.0052 3.0445e+00   54.49004  -54.74866    34.5574    34.5576     3.0577     3.0659    27.5265    27.5259     6.6758     6.5810         88 0.0000e+00
      16128    671.959    177.000     3.0922   3.146420     3.0941   3.146582     2.1155      8.042     1.9952     0.1201      21.61     0.2572 1.0868e-01     0.2856 3.2719e+00   54.49004  -54.74866    34.5613    34.5613     3.0812     3.0830    27.5274    27.5273     6.6704     6.5820         77 0.0000e+00
      16169    673.653    178.000     3.1234   3.150043     3.1236   3.149904     2.1153      8.043     1.9956     0.0880      20.74     0.2624 1.0871e-01     0.6262 3.1536e+00   54.49004  -54.74866    34.5715    34.5695     3.1123     3.1125    27.5326    27.5311     6.6653     6.5756         28 0.0000e+00
      16192    674.609    179.000     3.1284   3.150636     3.1291   3.150641     2.1154      8.043     1.9956     0.1268      19.79     0.2721 1.0869e-01     0.6606 3.4567e+00   54.49004  -54.74866    34.5728    34.5717     3.1172     3.1189    27.5332    27.5323     6.6748     6.5734         22 0.0000e+00
      16212    675.467    180.000     3.1340   3.151299     3.1346   3.151251     2.1161      8.043     1.9953     0.1569      18.79     0.2963 1.0865e-01     0.6587 3.1859e+00   54.49004  -54.74866    34.5743    34.5730     3.1227     3.1234    27.5339    27.5329     6.6806     6.5735         20 0.0000e+00
      16235    676.404    181.000     3.1391   3.151899     3.1402   3.151958     2.1161      8.044     1.9954     0.0832      17.73     0.3085 1.0866e-01     0.7681 3.2610e+00   54.49004  -54.74866    34.5756    34.5750     3.1278     3.1293    27.5345    27.5339     6.6787     6.5714         26 0.0000e+00
      16322    680.043    182.000     3.1277   3.150760     3.1302   3.150949     2.1161      8.043     1.9944     0.1433      16.59     0.3001 1.0865e-01     0.9949 3.1705e+00   54.49004  -54.74865    34.5734    34.5730     3.1163     3.1188    27.5338    27.5333     6.6738     6.5689         58 0.0000e+00
      16420    684.133    183.000     3.1306   3.150959     3.1350   3.151321     2.1148      8.044     1.9936     0.1444      15.64     0.2899 1.0857e-01     1.1138 3.1733e+00   54.49004  -54.74866    34.5721    34.5719     3.1191     3.1235    27.5325    27.5319     6.6630     6.5700         39 0.0000e+00
      16448    685.301    184.000     3.1376   3.151845     3.1380   3.151857     2.1141      8.044     1.9939     0.0863      14.73     0.2943 1.0851e-01     1.1088 2.7549e+00   54.49004  -54.74866    34.5749    34.5745     3.1260     3.1265    27.5341    27.5338     6.6492     6.5750         25 0.0000e+00
      16471    686.248    185.000     3.1381   3.151954     3.1386   3.151981     2.1137      8.044     1.9941     0.1201      13.77     0.2989 1.0847e-01     1.1088 3.0301e+00   54.49004  -54.74866    34.5751    34.5749     3.1265     3.1270    27.5342    27.5341     6.6617     6.5743         21 0.0000e+00
      16495    687.248    186.000     3.1377   3.151956     3.1367   3.151800     2.1137      8.044     1.9943     0.1134      12.64     0.3087 1.0850e-01     1.0786 3.4010e+00   54.49004  -54.74866    34.5750    34.5742     3.1261     3.1251    27.5342    27.5336     6.6789     6.5820         28 0.0000e+00
      16536    688.972    187.000     3.1408   3.152332     3.1403   3.152223     2.1150      8.045     1.9951     0.1329      11.54     0.2995 1.0842e-01     1.1352 3.1962e+00   54.49004  -54.74866    34.5757    34.5749     3.1291     3.1286    27.5344    27.5338     6.6783     6.5817         54 0.0000e+00
      17010    708.700    188.000     3.1271   3.150973     3.1285   3.151112     2.1140      8.045     1.9940     0.1251      10.36     0.2926 1.0842e-01     1.1717 3.4287e+00   54.49004  -54.74866    34.5733    34.5735     3.1153     3.1167    27.5339    27.5339     6.6711     6.5767        133 0.0000e+00
