docs/notebooks/Dat4805179.CNV
* Sea-Bird SBE 9 Data File:
* FileName = C:\data\ctd\at4805179.hdr
* Software Version Seasave V 7.26.7.121
* Temperature SN = 6493
* Conductivity SN = 5044
* Number of Bytes Per Scan = 40
* Number of Voltage Words = 5
* Number of Scans Averaged by the Deck Unit = 1
* NMEA Latitude = 54 29.38 N
* NMEA Longitude = 054 44.95 W
* NMEA UTC (Time) = May 20 2022  10:50:44
** Ship: ATLANTIS
** Cruise: AT4805
** Chief_Scientist: MARC RINGUETTE
** Organization: DFO BIO
** Area_of_Operation: LABRADOR SEA
** Cruise_Description: ATLANTIC ZONE OFF-SHELF MONITORING PROGRAM (AZOMP)
** Station_Name: AR7W_05
** Event_Number:  179
** Sounding:  204
** Event_Comments: AR7W_05, 493143
# nquan = 28
# nvalues = 187                         
# units = specified
# name 0 = scan: Scan Count
# name 1 = timeS: Time, Elapsed [seconds]
# name 2 = prDM: Pressure, Digiquartz [db]
# name 3 = t090C: Temperature [ITS-90, deg C]
# name 4 = c0S/m: Conductivity [S/m]
# name 5 = t190C: Temperature, 2 [ITS-90, deg C]
# name 6 = c1S/m: Conductivity, 2 [S/m]
# name 7 = sbeox0V: Oxygen raw, SBE 43 [V]
# name 8 = ph: pH
# name 9 = sbeox1V: Oxygen raw, SBE 43, 2 [V]
# name 10 = flECO-AFL: Fluorescence, WET Labs ECO-AFL/FL [mg/m^3]
# name 11 = altM: Altimeter [m]
# name 12 = CStarAt0: Beam Attenuation, WET Labs C-Star [1/m]
# name 13 = par/log: PAR/Logarithmic, Satlantic [umol photons/m2/s]
# name 14 = wetCDOM: Fluorescence, WET Labs CDOM [mg/m^3]
# name 15 = spar: SPAR/Surface Irradiance
# name 16 = latitude: Latitude [deg]
# name 17 = longitude: Longitude [deg]
# name 18 = sal00: Salinity, Practical [PSU]
# name 19 = sal11: Salinity, Practical, 2 [PSU]
# name 20 = potemp090C: Potential Temperature [ITS-90, deg C]
# name 21 = potemp190C: Potential Temperature, 2 [ITS-90, deg C]
# name 22 = sigma-é00: Density [sigma-theta, kg/m^3]
# name 23 = sigma-é11: Density, 2 [sigma-theta, kg/m^3]
# name 24 = sbeox0ML/L: Oxygen, SBE 43 [ml/l], WS = 2
# name 25 = sbeox1ML/L: Oxygen, SBE 43, 2 [ml/l], WS = 2
# name 26 = nbin: number of scans per bin
# name 27 = flag: flag
# span 0 =       4694,      17010       
# span 1 =    195.556,    708.700       
# span 2 =      2.000,    188.000       
# span 3 =    -0.5533,     3.1408       
# span 4 =   2.668065,   3.152332       
# span 5 =    -0.5581,     3.1403       
# span 6 =   2.668068,   3.152223       
# span 7 =     2.1137,     2.6176       
# span 8 =      8.040,      8.264       
# span 9 =     1.9936,     2.4550       
# span 10 =     0.0115,     6.7151      
# span 11 =      10.36,     101.93      
# span 12 =     0.0654,     0.5506      
# span 13 = 1.0719e-01, 3.8404e+02      
# span 14 =     0.0038,     1.7368      
# span 15 = 2.0933e+00, 3.7583e+00      
# span 16 =   54.48974,   54.49004      
# span 17 =  -54.74900,  -54.74865      
# span 18 =    32.4671,    34.5757      
# span 19 =    32.4679,    34.5750      
# span 20 =    -0.5534,     3.1291      
# span 21 =    -0.5584,     3.1293      
# span 22 =    26.0850,    27.5345      
# span 23 =    26.0857,    27.5341      
# span 24 =     6.6492,     9.6697      
# span 25 =     6.5689,     9.5344      
# span 26 =         17,        133      
# span 27 = 0.0000e+00, 0.0000e+00      
# interval = decibars: 1                
# start_time = May 20 2022 10:50:44 [NMEA time, header]
# bad_flag = -9.990e-29
*END*
       4694    195.556      2.000    -0.5526   2.668065    -0.5532   2.668068     2.6158      8.259     2.4550     3.1734     101.93     0.5308 3.8404e+02     0.0420 2.3671e+00   54.48974  -54.74900    32.4671    32.4679    -0.5526    -0.5533    26.0850    26.0857     9.6396     9.5181         22 0.0000e+00
       4926    205.200      3.000    -0.5533   2.668107    -0.5531   2.668179     2.6158      8.260     2.4546     3.1499      93.42     0.5318 2.8175e+02     0.8062 2.2073e+00   54.48974  -54.74900    32.4679    32.4686    -0.5534    -0.5531    26.0857    26.0862     9.6495     9.5255         42 0.0000e+00
       6016    250.632      4.000    -0.5465   2.668927    -0.5463   2.668979     2.6176      8.264     2.4544     2.6461      99.82     0.5374 2.1167e+02     0.8482 2.3546e+00   54.48978  -54.74896    32.4710    32.4714    -0.5466    -0.5464    26.0879    26.0883     9.6697     9.5305         42 0.0000e+00
       6108    254.446      5.000    -0.5439   2.669252    -0.5432   2.669358     2.6161      8.264     2.4544     2.7926      89.96     0.5340 1.2415e+02     0.7977 2.4071e+00   54.48979  -54.74896    32.4720    32.4726    -0.5440    -0.5434    26.0886    26.0891     9.6305     9.5196        100 0.0000e+00
       6175    257.249      6.000    -0.5392   2.669829    -0.5387   2.669893     2.6155      8.264     2.4530     3.0420     100.07     0.5506 1.0077e+02     0.7078 2.2626e+00   54.48978  -54.74896    32.4741    32.4744    -0.5394    -0.5388    26.0901    26.0903     9.6615     9.5173         39 0.0000e+00
       6208    258.633      7.000    -0.5370   2.670111    -0.5373   2.670152     2.6166      8.264     2.4534     3.2617      99.72     0.5451 7.3343e+01     0.8623 2.0933e+00   54.48979  -54.74896    32.4749    32.4757    -0.5372    -0.5375    26.0907    26.0914     9.6623     9.5344         33 0.0000e+00
       6248    260.292      8.000    -0.5383   2.670055    -0.5424   2.669789     2.6165      8.264     2.4541     3.7282      99.62     0.5416 4.9977e+01     0.6815 2.5848e+00   54.48980  -54.74896    32.4750    32.4757    -0.5386    -0.5426    26.0908    26.0916     9.6257     9.5239         50 0.0000e+00
       6306    262.713      9.000    -0.5515   2.669204    -0.5581   2.668819     2.6125      8.264     2.4519     4.5248      87.64     0.5308 3.8614e+01     1.1881 2.4792e+00   54.48980  -54.74894    32.4771    32.4786    -0.5517    -0.5584    26.0930    26.0945     9.6163     9.5015         54 0.0000e+00
       6347    264.402     10.000    -0.5531   2.671129    -0.5531   2.670932     2.6101      8.261     2.4496     5.8678      99.43     0.5474 2.8843e+01     0.5989 2.4250e+00   54.48980  -54.74894    32.5040    32.5014    -0.5534    -0.5534    26.1149    26.1127     9.5397     9.4688         35 0.0000e+00
       6403    266.742     11.000    -0.4897   2.679833    -0.4811   2.680955     2.5961      8.256     2.4391     6.2295      99.49     0.5341 2.0283e+01     0.8070 2.2327e+00   54.48980  -54.74894    32.5517    32.5575    -0.4900    -0.4814    26.1510    26.1553     9.3577     9.3268         87 0.0000e+00
       6477    269.834     12.000    -0.4661   2.683977    -0.4709   2.682513     2.5721      8.254     2.4207     6.4449      81.09     0.5239 1.6002e+01     0.6216 2.5234e+00   54.48980  -54.74895    32.5811    32.5667    -0.4664    -0.4712    26.1737    26.1623     9.3083     9.2756         41 0.0000e+00
       6506    271.061     13.000    -0.4612   2.692191    -0.4617   2.692403     2.5686      8.251     2.4183     5.6195      91.73     0.5349 1.2210e+01     1.0967 2.6207e+00   54.48980  -54.74894    32.6851    32.6884    -0.4616    -0.4620    26.2577    26.2604     9.3417     9.2915         27 0.0000e+00
       6532    272.128     14.000    -0.4960   2.692252    -0.4960   2.692135     2.5667      8.238     2.4168     5.8994      99.37     0.5445 8.8819e+00     0.0958 2.7851e+00   54.48980  -54.74894    32.7227    32.7213    -0.4963    -0.4964    26.2895    26.2884     9.3654     9.2864         26 0.0000e+00
       6570    273.726     15.000    -0.4818   2.695922    -0.4803   2.695878     2.5637      8.226     2.4126     6.1954      98.72     0.5455 6.1229e+00     0.9976 2.5573e+00   54.48981  -54.74894    32.7561    32.7538    -0.4823    -0.4807    26.3159    26.3140     9.3279     9.2463         49 0.0000e+00
       6684    278.467     16.000    -0.4777   2.694769    -0.4619   2.697386     2.5528      8.228     2.3996     6.4146      96.09     0.5383 5.1506e+00     0.5069 2.3237e+00   54.48980  -54.74894    32.7355    32.7535    -0.4781    -0.4623    26.2991    26.3130     9.3246     9.2017         28 0.0000e+00
       6702    279.207     17.000    -0.4457   2.701071    -0.4450   2.700676     2.5525      8.222     2.3987     6.1050      93.83     0.5333 3.7829e+00     0.6740 2.1891e+00   54.48980  -54.74894    32.7846    32.7786    -0.4461    -0.4454    26.3375    26.3326     9.2687     9.1771         21 0.0000e+00
       6724    280.119     18.000    -0.4380   2.703381    -0.4379   2.703449     2.5494      8.216     2.3961     5.6843      99.48     0.5389 2.8010e+00     1.1711 2.6385e+00   54.48980  -54.74894    32.8067    32.8075    -0.4385    -0.4384    26.3551    26.3557     9.2044     9.1463         24 0.0000e+00
       6783    282.578     19.000    -0.4427   2.703021    -0.4443   2.702657     2.5370      8.214     2.3862     6.2251      99.70     0.5235 1.8983e+00     0.6621 2.4567e+00   54.48981  -54.74893    32.8063    32.8029    -0.4433    -0.4448    26.3549    26.3522     9.1484     9.0858         70 0.0000e+00
       6854    285.547     20.000    -0.4525   2.702585    -0.4521   2.702577     2.5279      8.213     2.3751     6.3679      86.76     0.5330 1.4629e+00     0.4360 2.5018e+00   54.48980  -54.74894    32.8111    32.8099    -0.4536    -0.4527    26.3592    26.3582     9.1919     9.0567         29 0.0000e+00
       6878    286.552     21.000    -0.4752   2.702251    -0.4752   2.702208     2.5267      8.207     2.3727     5.8601      93.97     0.5287 9.9280e-01     1.1756 2.5522e+00   54.48982  -54.74892    32.8300    32.8294    -0.4758    -0.4758    26.3754    26.3749     9.1683     9.0635         27 0.0000e+00
       6936    288.967     22.000    -0.4641   2.703564    -0.4632   2.703775     2.5200      8.201     2.3674     6.6644      99.68     0.5161 7.6875e-01     0.5466 2.2863e+00   54.48982  -54.74892    32.8349    32.8367    -0.4647    -0.4638    26.3790    26.3804     9.1171     9.0315         73 0.0000e+00
       7000    291.645     23.000    -0.4549   2.704524    -0.4569   2.704293     2.5131      8.200     2.3602     6.2991      99.96     0.5229 5.3270e-01     1.1435 2.4565e+00   54.48982  -54.74892    32.8372    32.8363    -0.4555    -0.4576    26.3804    26.3798     9.0881     8.9737         31 0.0000e+00
       7030    292.856     24.000    -0.4438   2.707112    -0.4483   2.706676     2.5093      8.197     2.3553     5.9127      87.73     0.4923 3.9969e-01     0.9562 2.6208e+00   54.48982  -54.74892    32.8591    32.8582    -0.4444    -0.4490    26.3977    26.3971     9.0490     8.9401         31 0.0000e+00
       7066    294.361     25.000    -0.4540   2.706318    -0.4641   2.705394     2.5047      8.193     2.3502     5.6774      95.36     0.5084 3.3093e-01     0.7495 2.4044e+00   54.48982  -54.74892    32.8590    32.8576    -0.4547    -0.4648    26.3980    26.3973     9.0536     8.9411         42 0.0000e+00
       7113    296.351     26.000    -0.4612   2.705817    -0.4670   2.705813     2.5029      8.191     2.3466     6.2906      99.85     0.5103 2.1691e-01     0.6761 2.6902e+00   54.48982  -54.74892    32.8595    32.8657    -0.4619    -0.4677    26.3987    26.4040     9.1168     8.9610         55 0.0000e+00
       7191    299.599     27.000    -0.4648   2.706941    -0.4604   2.708121     2.5076      8.186     2.3498     6.7151      92.17     0.4946 1.1551e-01     0.9268 2.2957e+00   54.48982  -54.74892    32.8778    32.8888    -0.4655    -0.4611    26.4137    26.4224     9.1831     9.0345         85 0.0000e+00
       7246    301.872     28.000    -0.4260   2.711687    -0.4238   2.712208     2.5114      8.186     2.3550     5.7156      93.91     0.4898 1.0852e-01     0.7257 2.5793e+00   54.48982  -54.74892    32.8986    32.9028    -0.4268    -0.4245    26.4289    26.4322     9.1699     9.0489         33 0.0000e+00
       7274    303.032     29.000    -0.3866   2.716266    -0.3880   2.715903     2.5133      8.186     2.3578     5.4744      99.95     0.4851 1.0813e-01     0.4669 2.4888e+00   54.48982  -54.74892    32.9164    32.9134    -0.3875    -0.3887    26.4416    26.4392     9.1795     9.0532         27 0.0000e+00
       7303    304.260     30.000    -0.3632   2.719836    -0.3610   2.719822     2.5153      8.188     2.3603     4.9819     100.00     0.5018 1.0808e-01     1.3290 2.7447e+00   54.48982  -54.74892    32.9381    32.9355    -0.3641    -0.3618    26.4581    26.4560     9.1854     9.0520         34 0.0000e+00
       7350    306.214     31.000    -0.3325   2.723668    -0.3160   2.725401     2.5219      8.189     2.3651     5.8397     100.00     0.5010 1.0814e-01     0.7422 2.5721e+00   54.48983  -54.74890    32.9553    32.9605    -0.3334    -0.3169    26.4707    26.4742     9.2603     9.0829         65 0.0000e+00
       7441    309.980     32.000    -0.3073   2.726006    -0.3185   2.724694     2.5351      8.192     2.3783     6.0050      92.97     0.4986 1.0798e-01     0.6667 2.4237e+00   54.48983  -54.74890    32.9585    32.9532    -0.3082    -0.3195    26.4722    26.4685     9.2503     9.1421         81 0.0000e+00
       7484    311.772     33.000    -0.2351   2.733907    -0.2376   2.733535     2.5353      8.194     2.3802     5.5462     100.16     0.5048 1.0814e-01     0.6271 2.4383e+00   54.48982  -54.74890    32.9847    32.9825    -0.2361    -0.2386    26.4903    26.4886     9.2004     9.0734         29 0.0000e+00
       7510    312.889     34.000    -0.2215   2.735394    -0.2208   2.735351     2.5355      8.197     2.3793     5.1772     100.00     0.5050 1.0814e-01     1.3774 2.3995e+00   54.48982  -54.74890    32.9892    32.9878    -0.2226    -0.2218    26.4933    26.4922     9.1922     9.0469         28 0.0000e+00
       7542    314.192     35.000    -0.1891   2.739387    -0.1864   2.739478     2.5346      8.199     2.3775     5.1138     100.00     0.5102 1.0808e-01     0.5208 2.4352e+00   54.48984  -54.74890    33.0065    33.0048    -0.1902    -0.1875    26.5059    26.5044     9.1328     9.0196         37 0.0000e+00
       7597    316.492     36.000    -0.1647   2.743476    -0.1648   2.743986     2.5259      8.201     2.3709     5.6948      94.04     0.5151 1.0801e-01     0.7482 2.4637e+00   54.48984  -54.74890    33.0337    33.0405    -0.1658    -0.1660    26.5267    26.5322     9.0099     8.9452         81 0.0000e+00
       7685    320.152     37.000    -0.1702   2.744621    -0.1719   2.744497     2.5019      8.196     2.3538     5.7942     101.07     0.5307 1.0813e-01     0.8272 2.5642e+00   54.48984  -54.74890    33.0543    33.0546    -0.1713    -0.1730    26.5436    26.5439     8.8477     8.8173         61 0.0000e+00
       7719    321.567     38.000    -0.1609   2.747510    -0.1576   2.747699     2.4941      8.194     2.3453     4.6322     100.00     0.5251 1.0809e-01     0.9015 2.6841e+00   54.48984  -54.74890    33.0820    33.0808    -0.1621    -0.1587    26.5655    26.5644     8.8796     8.7915         29 0.0000e+00
       7749    322.818     39.000    -0.1954   2.745610    -0.1957   2.745715     2.4888      8.191     2.3396     4.6273     100.00     0.5144 1.0813e-01     0.6728 2.7032e+00   54.48984  -54.74890    33.0936    33.0948    -0.1966    -0.1969    26.5765    26.5774     8.8606     8.7893         34 0.0000e+00
       7787    324.426     40.000    -0.2085   2.746701    -0.2090   2.746683     2.4804      8.185     2.3330     4.8133      90.29     0.5190 1.0801e-01     0.8525 2.6730e+00   54.48984  -54.74889    33.1218    33.1220    -0.2098    -0.2102    26.5998    26.6000     8.7877     8.7599         43 0.0000e+00
       7845    326.830     41.000    -0.2075   2.747817    -0.2071   2.748254     2.4651      8.178     2.3210     4.9890      98.69     0.4785 1.0807e-01     0.6871 2.3806e+00   54.48984  -54.74888    33.1349    33.1401    -0.2088    -0.2083    26.6104    26.6146     8.7194     8.6831         77 0.0000e+00
       7913    329.649     42.000    -0.2120   2.749805    -0.2120   2.749875     2.4502      8.174     2.3064     5.4473     100.04     0.4551 1.0813e-01     0.9558 2.5855e+00   54.48984  -54.74888    33.1656    33.1666    -0.2133    -0.2133    26.6354    26.6362     8.7086     8.6235         46 0.0000e+00
       7954    331.380     43.000    -0.2236   2.750359    -0.2238   2.750368     2.4451      8.168     2.2992     4.1312      91.02     0.4438 1.0810e-01     0.9295 2.5715e+00   54.48984  -54.74888    33.1849    33.1853    -0.2249    -0.2251    26.6515    26.6519     8.7249     8.6171         44 0.0000e+00
       7996    333.145     44.000    -0.2303   2.750705    -0.2306   2.750728     2.4413      8.163     2.2948     3.9875      96.87     0.4314 1.0792e-01     0.0263 2.3679e+00   54.48984  -54.74888    33.1964    33.1970    -0.2317    -0.2320    26.6611    26.6616     8.7174     8.6234         38 0.0000e+00
       8032    334.642     45.000    -0.2291   2.751363    -0.2291   2.751369     2.4388      8.160     2.2918     3.4892      99.87     0.4294 1.0805e-01     0.9863 2.6186e+00   54.48984  -54.74888    33.2032    33.2033    -0.2305    -0.2305    26.6665    26.6666     8.7156     8.6113         39 0.0000e+00
       8096    337.303     46.000    -0.2256   2.752196    -0.2237   2.752729     2.4351      8.156     2.2869     4.3965     100.00     0.4014 1.0807e-01     0.6955 2.7951e+00   54.48984  -54.74888    33.2098    33.2148    -0.2270    -0.2251    26.6718    26.6757     8.7067     8.5936         86 0.0000e+00
       8161    340.005     47.000    -0.2095   2.755093    -0.2098   2.754995     2.4312      8.156     2.2843     3.9567      89.74     0.3737 1.0805e-01     0.4904 2.5003e+00   54.48984  -54.74888    33.2302    33.2292    -0.2110    -0.2112    26.6875    26.6867     8.6940     8.6006         38 0.0000e+00
       8191    341.233     48.000    -0.1974   2.756939    -0.1976   2.756878     2.4307      8.154     2.2841     3.2293      95.63     0.3764 1.0793e-01     1.1961 2.3591e+00   54.48984  -54.74888    33.2409    33.2403    -0.1989    -0.1991    26.6956    26.6951     8.7084     8.5932         27 0.0000e+00
       8222    342.538     49.000    -0.1927   2.757617    -0.1926   2.757626     2.4306      8.154     2.2834     2.9606      99.61     0.3662 1.0806e-01     0.6773 2.8406e+00   54.48984  -54.74888    33.2442    33.2442    -0.1942    -0.1940    26.6980    26.6980     8.7060     8.5887         41 0.0000e+00
       8295    345.601     50.000    -0.1934   2.757581    -0.1907   2.757910     2.4306      8.153     2.2821     3.5921     100.00     0.3858 1.0808e-01     0.7477 2.4136e+00   54.48984  -54.74888    33.2439    33.2453    -0.1949    -0.1921    26.6978    26.6988     8.7187     8.5904         79 0.0000e+00
       8343    347.573     51.000    -0.1866   2.758446    -0.1864   2.758495     2.4302      8.153     2.2822     3.9547      89.43     0.3806 1.0804e-01     0.6804 2.5046e+00   54.48985  -54.74888    33.2473    33.2477    -0.1882    -0.1880    26.7003    26.7006     8.6903     8.5862         36 0.0000e+00
       8380    349.143     52.000    -0.1861   2.758605    -0.1862   2.758621     2.4286      8.152     2.2808     3.1339      97.11     0.3660 1.0798e-01     0.8857 2.8116e+00   54.48986  -54.74888    33.2483    33.2487    -0.1878    -0.1879    26.7011    26.7013     8.6692     8.5658         42 0.0000e+00
